//------------------------------------------------------------------------------
//
// Sistema de Informações Hidrológicas
// Versão Web 3.0
// © 2001 Agência Nacional de Águas (ANA)
//
// NivelConsistencia: 1 = Bruto, 2 = Consistido
// MediaDiaria: 0 = Não, 1 = Sim
// MetodoObtencaoVazoes: 1 = Curva de descarga, 2 = Transferência de vazões, 3 = Soma de vazões, 4 = ADCP
// Status: 0 = Branco, 1 = Real, 2 = Estimado, 3 = Duvidoso, 4 = Régua Seca
//
// Restrições da consulta:
//   Código da Estação: 10100000
//
//------------------------------------------------------------------------------

//EstacaoCodigo;NivelConsistencia;Data;Hora;MediaDiaria;MetodoObtencaoVazoes;Maxima;Minima;Media;DiaMaxima;DiaMinima;MaximaStatus;MinimaStatus;MediaStatus;MediaAnual;MediaAnualStatus;Vazao01;Vazao02;Vazao03;Vazao04;Vazao05;Vazao06;Vazao07;Vazao08;Vazao09;Vazao10;Vazao11;Vazao12;Vazao13;Vazao14;Vazao15;Vazao16;Vazao17;Vazao18;Vazao19;Vazao20;Vazao21;Vazao22;Vazao23;Vazao24;Vazao25;Vazao26;Vazao27;Vazao28;Vazao29;Vazao30;Vazao31;Vazao01Status;Vazao02Status;Vazao03Status;Vazao04Status;Vazao05Status;Vazao06Status;Vazao07Status;Vazao08Status;Vazao09Status;Vazao10Status;Vazao11Status;Vazao12Status;Vazao13Status;Vazao14Status;Vazao15Status;Vazao16Status;Vazao17Status;Vazao18Status;Vazao19Status;Vazao20Status;Vazao21Status;Vazao22Status;Vazao23Status;Vazao24Status;Vazao25Status;Vazao26Status;Vazao27Status;Vazao28Status;Vazao29Status;Vazao30Status;Vazao31Status;
10100000;1;01/01/1995;;1;1;43011,79;33644,03;38830,29;4;21;1;1;1;;0;42611,27;42829,61;42975,33;43011,79;43011,79;42866,03;42756,8;42574,91;42284,3;41885,56;41235,2;40623,41;39585,28;38695,98;37530,19;36758,18;35746,93;34950,15;34364,23;33952,2;33644,03;33849,4;34020,79;34639,64;35764,3;36688,2;37424,67;38270,98;38979,98;39763,77;40443,93;1;1;1;1;1;1;1;1;1;1;1;1;1;1;1;1;1;1;1;1;1;1;1;1;1;1;1;1;1;1;1;
10100000;1;01/02/1995;;1;1;42139,19;32452,56;37430,97;6;28;1;1;1;;0;41055,02;41596,18;41921,77;41957,98;41994,21;42139,19;41957,98;41740,81;41271,26;40695,26;39799,5;39282,33;38695,98;38023,64;37213,86;36653,23;35746,93;34846,56;34398,63;34226,75;33815,14;33132,03;32927,81;32825,82;32588,16;32588,16;32520,34;32452,56;;;;1;1;1;1;1;1;1;1;1;1;1;1;1;1;1;1;1;1;1;1;1;1;1;1;1;1;1;1;0;0;0;
10100000;1;01/03/1995;;1;1;46101,99;32317,1;41138,9;25;2;1;1;1;;0;32384,81;32317,1;32723,91;33132,03;33541,46;34192,4;34846,56;35538,63;36653,23;37741,46;38589,62;39549,61;40911,02;41849,36;42829,61;43559,51;44329,33;44623,52;44881,35;45213,41;45620,11;45805,3;45879,42;46027,77;46101,99;46101,99;46101,99;46101,99;46101,99;46027,77;46027,77;1;1;1;1;1;1;1;1;1;1;1;1;1;1;1;1;1;1;1;1;1;1;1;1;1;1;1;1;1;1;1;
10100000;1;01/04/1995;;1;1;46995,05;46027,77;46537,04;13;1;1;1;1;;0;46027,77;46101,99;46473,56;46585,18;46622,4;46734,11;46808,63;46845,9;46845,9;46845,9;46845,9;46920,46;46995,05;46920,46;46920,46;46845,9;46734,11;46585,18;46473,56;46324,84;46324,84;46213,38;46176,24;46176,24;46139,11;46250,52;46362;46399,18;46324,84;46287,68;;1;1;1;1;1;1;1;1;1;1;1;1;1;1;1;1;1;1;1;1;1;1;1;1;1;1;1;1;1;1;0;
10100000;1;01/05/1995;;1;1;46101,99;41271,26;43711,65;1;17;1;1;1;;0;46101,99;46027,77;45953,58;45768,25;45546,1;45324,23;44918,21;44660,33;44366,08;43925,65;43559,51;43230,66;43011,79;42611,27;41885,56;41451,7;41271,26;41307,33;41885,56;42211,73;42538,55;42938,89;43194,16;43340,2;43559,51;43779,1;43962,31;44035,65;44145,72;44255,87;44292,59;1;1;1;1;1;1;1;1;1;1;1;1;1;1;1;1;1;1;1;1;1;1;1;1;1;1;1;1;1;1;1;
10100000;1;01/06/1995;;1;1;44439,59;31776,76;39324,16;4;29;1;1;1;;0;44366,08;44402,83;44402,83;44439,59;44439,59;44329,33;44035,65;43742,48;43303,68;42902,46;42465,87;42102,93;41704,64;41127,07;40587,5;39942,47;39442,64;38695,98;37741,46;37143,66;36653,23;35990,35;35122,96;34501,86;33969,34;33387,78;32808,83;32283,26;31776,76;31911,63;;1;1;1;1;1;1;1;1;1;1;1;1;1;1;1;1;1;1;1;1;1;1;1;1;1;1;1;1;1;1;0;
10100000;1;01/07/1995;;1;1;33370,71;26026,37;30509,46;7;28;1;1;1;;0;32012,87;31709,39;31642,05;32825,82;33097,97;33268,37;33370,71;33336,59;33336,59;33132,03;32995,84;32927,81;32825,82;32723,91;32452,56;31726,23;31272,35;30553,03;30070,38;29507,06;28962,97;28749,36;28192,62;27736,27;27120,04;26539,58;26154,43;26026,37;26652,19;27265,66;27606,24;1;1;1;1;1;1;1;1;1;1;1;1;1;1;1;1;1;1;1;1;1;1;1;1;1;1;1;1;1;1;1;
10100000;1;01/08/1995;;1;1;27703,75;14629,89;19211,68;1;31;1;1;1;;0;27703,75;27217,1;26748,82;26250,58;25277,34;24392,36;23718,42;22801,77;22108,99;21285,04;20770,46;20094,47;19453,99;18701,4;18437,63;17884,01;17349,2;16990,24;16505,2;16136,77;15756,47;15294,87;15044,61;14892,2;14809,23;14809,23;15100,13;15280,94;15141,81;14975,28;14629,89;1;1;1;1;1;1;1;1;1;1;1;1;1;1;1;1;1;1;1;1;1;1;1;1;1;1;1;1;1;1;1;
10100000;1;01/09/1995;;1;1;17608,85;13417,58;15289,82;30;8;1;1;1;;0;14396,23;14259,24;14149,89;14013,52;13823,17;13633,5;13498,44;13417,58;13606,46;13768,91;13959,07;14781,6;15280,94;15336,69;15141,81;15058,48;15141,81;15169,61;15336,69;15700,33;15728,39;15897,04;16462,58;16747,26;17033,21;17176,65;17464,47;17522,19;17579,95;17608,85;;1;1;1;1;1;1;1;1;1;1;1;1;1;1;1;1;1;1;1;1;1;1;1;1;1;1;1;1;1;1;0;
10100000;1;01/10/1995;;1;1;25452,14;16320,71;18887,84;31;18;1;1;1;;0;17681,15;17768,02;17869,5;17695,62;17579,95;17291,63;16832,91;16975,92;16832,91;17464,47;17884,01;18306,12;18393,77;18160,27;17956,6;17377,99;16904,38;16320,71;16434,18;16718,74;17061,87;17377,99;17869,5;19143,17;20664,93;21986,41;23282,23;24219,49;24723,27;25293,22;25452,14;1;1;1;1;1;1;1;1;1;1;1;1;1;1;1;1;1;1;1;1;1;1;1;1;1;1;1;1;1;1;1;
10100000;1;01/11/1995;;1;1;36758,18;25102,86;29391,97;30;6;1;1;1;;0;25547,61;25611,31;25547,61;25388,54;25324,98;25102,86;25166,27;25834,59;26475,29;27023,07;27346,65;27638,73;27931,61;28127,31;28618,11;28650,9;28585,32;28880,76;29111,1;29573,19;30703,23;31709,39;32588,16;33370,71;33952,2;34398,63;34881,08;35642,74;36269,07;36758,18;;1;1;1;1;1;1;1;1;1;1;1;1;1;1;1;1;1;1;1;1;1;1;1;1;1;1;1;1;1;1;0;
10100000;1;01/12/1995;;1;1;37953,04;32588,16;34838,18;31;16;1;1;1;;0;36793,18;36723,18;36583,3;35885,98;35712,19;35122,96;34777,55;34777,55;34674,1;34158,05;33678,23;33336,59;33029,88;32927,81;32622,08;32588,16;32588,16;32588,16;32927,81;33370,71;33986,49;34467,44;34846,56;35192,15;35469,26;35746,93;36129,64;36793,18;37108,57;37424,67;37953,04;1;1;1;1;1;1;1;1;1;1;1;1;1;1;1;1;1;1;1;1;1;1;1;1;1;1;1;1;1;1;1;
10100000;1;01/01/1996;;1;1;41271,26;35885,98;39257,13;14;31;1;1;1;;0;38412,52;38766,93;39015,52;39228,93;39478,29;39692,35;40049,79;40228,82;40443,93;40479,81;40875,04;41019;41127,07;41271,26;41235,2;40983;40695,26;40300,49;39870,96;39585,28;39193,34;38908,93;38766,93;38412,52;38023,64;37671;37213,86;37038,43;36775,68;36321,39;35885,98;1;1;1;1;1;1;1;1;1;1;1;1;1;1;1;1;1;1;1;1;1;1;1;1;1;1;1;1;1;1;1;
10100000;1;01/02/1996;;1;1;45731,2;35920,76;42355,73;28;1;1;1;1;;0;35920,76;36147,06;36618,26;36915,75;37495,01;38306,36;39264,53;40300,49;41091,04;41849,36;42248,01;42502,21;42902,46;43449,82;43998,98;44182,43;44476,36;44623,52;44623,52;44623,52;44697,14;44807,64;44918,21;44918,21;45028,85;45361,19;45583,1;45731,2;45731,2;;;1;1;1;1;1;1;1;1;1;1;1;1;1;1;1;1;1;1;1;1;1;1;1;1;1;1;1;1;1;0;0;
10100000;1;01/03/1996;;1;1;48305,36;45916,5;47654,3;18;1;1;1;1;;0;45916,5;46213,38;46473,56;46771,37;46845,9;47144,32;47219,01;47331,09;47518,05;47817,58;47967,53;48080,07;48117,6;48192,68;48192,68;48267,79;48267,79;48305,36;48192,68;48117,6;48042,55;47967,53;47892,54;47780,11;47780,11;47742,65;47742,65;47667,75;47892,54;47892,54;47930,03;1;1;1;1;1;1;1;1;1;1;1;1;1;1;1;1;1;1;1;1;1;1;1;1;1;1;1;1;1;1;1;
10100000;1;01/04/1996;;1;1;50079,52;47948,78;49359,21;26;1;1;1;1;;0;47948,78;48023,79;48155,13;48230,23;48342,93;48418,11;48530,92;48624,98;48794,42;48982,86;49190,36;49303,64;49416,99;49530,4;49606,05;49738,5;49871,05;49908,94;49927,88;49927,88;49927,88;49927,88;50003,69;50003,69;50041,6;50079,52;50079,52;50079,52;50079,52;50079,52;;1;1;1;1;1;1;1;1;1;1;1;1;1;1;1;1;1;1;1;1;1;1;1;1;1;1;1;1;1;1;0;
10100000;1;01/05/1996;;1;1;52829,27;50307,2;51963,71;27;1;1;1;1;;0;50307,2;50649,23;50801,43;50953,76;50991,86;50991,86;51106,2;51144,33;51220,61;51296,91;51487,82;51640,67;51812,77;52023,32;52176,59;52368,33;52521,86;52598,67;52637,08;52675,5;52675,5;52675,5;52675,5;52675,5;52598,67;52637,08;52829,27;52752,37;52713,93;52675,5;52560,26;1;1;1;1;1;1;1;1;1;1;1;1;1;1;1;1;1;1;1;1;1;1;1;1;1;1;1;1;1;1;1;
10100000;1;01/06/1996;;1;1;52329,97;34364,23;45101,51;1;30;1;1;1;;0;52329,97;52176,59;52023,32;51678,9;51449,62;51144,33;50801,43;50421,14;50003,69;49549,31;49209,24;48907,46;48530,92;47967,53;47443,24;46752,74;45953,58;45361,19;44421,21;43267,16;41957,98;40731,2;39371,37;38270,98;37213,86;36269,07;35608,02;35122,96;34743,06;34364,23;;1;1;1;1;1;1;1;1;1;1;1;1;1;1;1;1;1;1;1;1;1;1;1;1;1;1;1;1;1;1;0;
10100000;1;01/07/1996;;1;1;34055,09;22477,78;27200,6;1;25;1;1;1;;0;34055,09;33746,67;33473,14;33200,18;32791,84;32350,96;31945,37;31541,11;31037,68;30269,86;29474,01;28454,26;27508,82;26636,1;25866,53;25356,76;24849,63;24282,32;23812,17;23500,06;23344,42;23189,04;23002,94;22755,41;22477,78;22879,09;23468,91;24188,1;24376,63;24534,04;24849,63;1;1;1;1;1;1;1;1;1;1;1;1;1;1;1;1;1;1;1;1;1;1;1;1;1;1;1;1;1;1;1;
10100000;1;01/08/1996;;1;1;27703,75;23812,17;25815,14;17;31;1;1;1;;0;24912,88;24660,15;24345,18;24031,27;23874,71;24408,09;24912,88;25356,76;25834,59;26250,58;26539,58;26700,49;26926,19;27184,74;27379,07;27573,76;27703,75;27703,75;27346,65;27023,07;26732,71;26507,43;26186,47;25898,48;25579,46;25388,54;25197,99;25102,86;24912,88;24282,32;23812,17;1;1;1;1;1;1;1;1;1;1;1;1;1;1;1;1;1;1;1;1;1;1;1;1;1;1;1;1;1;1;1;
10100000;1;01/09/1996;;1;1;23500,06;19483,66;21221,44;30;18;1;1;1;;0;23220,09;22693,64;21986,41;21376,19;21042,48;20921,47;21254,69;21558,79;21589,26;21315,42;21103,05;20740,3;20349,16;20109,43;19810,8;19602,46;19498,5;19483,66;19498,5;19721,44;20349,16;20830,83;21133,36;21528,33;21802,88;22201,04;22508,59;22786,32;23126,96;23500,06;;1;1;1;1;1;1;1;1;1;1;1;1;1;1;1;1;1;1;1;1;1;1;1;1;1;1;1;1;1;1;0;
10100000;1;01/10/1996;;1;1;33780,91;23937,31;29940,66;26;1;1;1;1;;0;23937,31;24345,18;25134,56;25611,31;26122,4;26926,19;27638,73;28159,96;28568,93;28650,9;28749,36;28880,76;29078,16;29242,93;29523,59;29871,24;30369,72;30770,04;31272,35;31574,74;32046,64;32283,26;32723,91;33302,47;33661,13;33780,91;33541,46;33302,47;33166,1;33029,88;32893,8;1;1;1;1;1;1;1;1;1;1;1;1;1;1;1;1;1;1;1;1;1;1;1;1;1;1;1;1;1;1;1;
10100000;1;01/11/1996;;1;1;37108,57;26990,77;33646,55;15;30;1;1;1;;0;32791,84;32689,96;32656,02;32622,08;32706,93;33097,97;33592,74;34398,63;35140,26;35573,32;36147,06;36513,41;36898,23;37003,36;37108,57;37038,43;36793,18;36618,26;36234,2;35608,02;35019,25;34329,85;33456,06;32537,29;31205,25;30203,32;29111,1;28029,42;27281,86;26990,77;;1;1;1;1;1;1;1;1;1;1;1;1;1;1;1;1;1;1;1;1;1;1;1;1;1;1;1;1;1;1;0;
10100000;1;01/12/1996;;1;1;40336,34;26684,39;34671,7;25;2;1;1;1;;0;26764,93;26684,39;26861,66;27346,65;28094,67;28732,94;29738,68;30836,89;31642,05;32012,87;32418,68;32893,8;33507,3;33986,49;34553,51;35192,15;35851,2;36863,21;37706,23;38394,82;39086,63;39692,35;40031,89;40282,57;40336,34;40085,58;39763,77;39407;39051,07;38695,98;38306,36;1;1;1;1;1;1;1;1;1;1;1;1;1;1;1;1;1;1;1;1;1;1;1;1;1;1;1;1;1;1;1;
10100000;1;01/01/1997;;1;1;37776,7;27541,28;31993,16;1;17;1;1;1;;0;37776,7;37354,37;36968,31;36583,3;36216,77;35538,63;34846,56;34020,79;33200,18;32350,96;31406,65;30736,63;29771,81;29275,91;28487,01;27736,27;27541,28;27736,27;28257,97;28749,36;29440,97;30070,38;30803,46;31440,25;31776,76;31945,37;32215,61;32384,81;32452,56;32384,81;32317,1;1;1;1;1;1;1;1;1;1;1;1;1;1;1;1;1;1;1;1;1;1;1;1;1;1;1;1;1;1;1;1;
10100000;1;01/02/1997;;1;1;46957,75;28127,31;36039,5;28;9;1;1;1;;0;32181,8;31877,9;31305,91;30636,45;30070,38;29440,97;28815,04;28290,66;28127,31;28127,31;28388,79;29308,91;30486,34;31776,76;33404,84;35157,55;37073,5;38873,42;40677,3;41885,56;43285,42;44145,72;44807,64;45250,34;45805,3;46324,84;46622,4;46957,75;;;;1;1;1;1;1;1;1;1;1;1;1;1;1;1;1;1;1;1;1;1;1;1;1;1;1;1;1;1;0;0;0;
10100000;1;01/03/1997;;1;1;53773,59;47368,46;51738,77;31;1;1;1;1;;0;47368,46;47742,65;48230,23;48493,3;48945,16;49322,53;49587,14;50003,69;50345,18;50763,37;51144,33;51602,45;51908,45;52176,59;52368,33;52521,86;52675,5;52829,27;53021,63;53060,13;53175,66;53406,91;53541,93;53677,03;53677,03;53715,65;53715,65;53715,65;53715,65;53677,03;53773,59;1;1;1;1;1;1;1;1;1;1;1;1;1;1;1;1;1;1;1;1;1;1;1;1;1;1;1;1;1;1;1;
10100000;1;01/04/1997;;1;1;53677,03;52445,08;52906,42;1;17;1;1;1;;0;53677,03;53522,63;53368,35;53291,25;53214,18;53137,14;53060,13;52983,14;52867,73;52752,37;52713,93;52752,37;52752,37;52675,5;52579,46;52521,86;52445,08;52445,08;52483,47;52598,67;52675,5;52790,82;52906,19;52944,66;52944,66;52983,14;53040,88;53002,39;53002,39;53060,13;;1;1;1;1;1;1;1;1;1;1;1;1;1;1;1;1;1;1;1;1;1;1;1;1;1;1;1;1;1;1;0;
10100000;1;01/05/1997;;1;1;53908,85;53060,13;53567,63;24;1;1;1;1;;0;53060,13;53060,13;53060,13;53060,13;53137,14;53175,66;53291,25;53349,07;53387,63;53445,47;53561,22;53677,03;53599,82;53677,03;53734,96;53773,59;53792,91;53831,55;53889,52;53792,91;53773,59;53792,91;53812,23;53908,85;53870,19;53812,23;53754,27;53677,03;53599,82;53561,22;53677,03;1;1;1;1;1;1;1;1;1;1;1;1;1;1;1;1;1;1;1;1;1;1;1;1;1;1;1;1;1;1;1;
10100000;1;01/06/1997;;1;1;53561,22;46399,18;51477,8;1;30;1;1;1;;0;53561,22;53445,47;53503,34;53406,91;53368,35;53349,07;53233,45;53117,88;53021,63;52983,14;52848,5;52713,93;52521,86;52329,97;52234,09;52157,42;51946,73;51774,52;51545,13;51296,91;51125,26;50820,47;50497,14;49984,73;49662,8;49133,75;48249,01;47256,36;46845,9;46399,18;;1;1;1;1;1;1;1;1;1;1;1;1;1;1;1;1;1;1;1;1;1;1;1;1;1;1;1;1;1;1;0;
10100000;1;01/07/1997;;1;1;45472,11;18686,72;28926,27;1;31;1;1;1;;0;45472,11;44697,14;43139,43;41253,23;38501,04;35365,28;32740,89;30719,93;30736,63;30419,69;30037,17;29622,81;29275,91;28880,76;28585,32;28421,52;28290,66;28013,11;27281,86;26507,43;25866,53;24976,16;24156,71;23297,77;22247,1;21194;20349,16;19691,68;19305,82;18980,88;18686,72;1;1;1;1;1;1;1;1;1;1;1;1;1;1;1;1;1;1;1;1;1;1;1;1;1;1;1;1;1;1;1;
10100000;1;01/08/1997;;1;1;26330,78;18686,72;22088,44;19;1;1;1;1;;0;18686,72;19691,68;20259,18;20740,3;20800,64;20049,61;19840,61;19915,19;19959,97;20079,51;20229,2;20544,49;21072,76;21986,41;23235,62;24534,04;25340,87;26122,4;26330,78;26026,37;25595,38;25023,66;24329,46;23843,44;23189,04;22539,4;22047,68;21437,01;20906,36;20349,16;20034,66;1;1;1;1;1;1;1;1;1;1;1;1;1;1;1;1;1;1;1;1;1;1;1;1;1;1;1;1;1;1;1;
10100000;1;01/09/1997;;1;1;20349,16;17435,63;19139,8;27;17;1;1;1;;0;19751,22;19409,51;19172,71;19098,87;19766,11;20079,51;20169,29;20229,2;20034,66;19781;19543,04;19143,17;18393,77;18087,46;17666,68;17464,47;17435,63;17435,63;17478,89;17797;18203,99;18584,05;18936,68;19394,69;19840,61;20199,24;20349,16;20349,16;20199,24;20199,24;;1;1;1;1;1;1;1;1;1;1;1;1;1;1;1;1;1;1;1;1;1;1;1;1;1;1;1;1;1;1;0;
10100000;1;01/10/1997;;1;1;24471,04;16519,41;20062,46;7;24;1;1;1;;0;20259,18;20589,63;21482,66;22477,78;23095,94;23859,07;24471,04;24376,63;24219,49;23859,07;23531,23;22894,56;22231,74;21604,5;20921,47;20034,66;19365,05;18833,65;18058,36;17522,19;17061,87;16619;16576,3;16519,41;16661,72;16832,91;17061,87;17320,41;17637,76;17811,49;18145,71;1;1;1;1;1;1;1;1;1;1;1;1;1;1;1;1;1;1;1;1;1;1;1;1;1;1;1;1;1;1;1;
10100000;1;01/11/1997;;1;1;32723,91;18452,26;27298,05;30;1;1;1;1;;0;18452,26;19025,1;19409,51;20124,39;21163,67;22385,44;23874,71;25515,78;26781,04;28388,79;29292,41;30203,32;30719,93;31020,93;31037,68;31037,68;30636,45;30236,58;29887,83;28946,53;28241,63;27720,01;27281,86;26990,77;27427,71;28257,97;29407,94;30719,93;32029,75;32723,91;;1;1;1;1;1;1;1;1;1;1;1;1;1;1;1;1;1;1;1;1;1;1;1;1;1;1;1;1;1;1;0;
10100000;1;01/12/1997;;1;1;42756,8;33592,74;39403,02;31;1;1;1;1;;0;33592,74;34484,65;34984,69;35660,1;36077,39;36443,56;37143,66;37829,58;38377,12;38979,98;39496,12;39996,12;40157,18;40300,49;40443,93;40515,7;40569,54;40479,81;40443,93;40300,49;40300,49;40354,26;40587,5;40731,2;40983;41199,15;41596,18;41957,98;42211,73;42538,55;42756,8;1;1;1;1;1;1;1;1;1;1;1;1;1;1;1;1;1;1;1;1;1;1;1;1;1;1;1;1;1;1;1;
10100000;1;01/01/1998;;1;1;46696,87;43084,71;45399,73;24;1;1;1;1;;0;43084,71;43449,82;43834,04;44109,03;44439,59;44660,33;44770,8;44733,97;44991,96;45028,85;45102,65;45139,56;45139,56;45028,85;45102,65;45158,02;45268,81;45472,11;45768,25;45990,67;46157,68;46436,37;46603,79;46696,87;46696,87;46678,25;46585,18;46547,96;46362;46213,38;46139,11;1;1;1;1;1;1;1;1;1;1;1;1;1;1;1;1;1;1;1;1;1;1;1;1;1;1;1;1;1;1;1;
10100000;1;01/02/1998;;1;1;46734,11;44255,87;45330,49;28;14;1;1;1;;0;46139,11;46064,88;45860,89;45731,2;45546,1;45361,19;45324,23;45268,81;45158,02;44844,49;44697,14;44531,53;44366,08;44255,87;44255,87;44255,87;44366,08;44586,72;44807,64;44955,08;45250,34;45583,1;45842,36;46027,77;46362;46492,16;46585,18;46734,11;;;;1;1;1;1;1;1;1;1;1;1;1;1;1;1;1;1;1;1;1;1;1;1;1;1;1;1;1;1;0;0;0;
10100000;1;01/03/1998;;1;1;50269,24;46827,26;49144,44;19;1;1;1;1;;0;46827,26;46939,1;47032,36;47144,32;47219,01;47443,24;47667,75;47930,03;48211,45;48719,09;48888,61;48964,01;49152,62;49492,59;49624,96;49927,88;50003,69;50174,36;50269,24;50269,24;50269,24;50269,24;50269,24;50174,36;50155,39;50117,45;50155,39;50041,6;50041,6;50003,69;50079,52;1;1;1;1;1;1;1;1;1;1;1;1;1;1;1;1;1;1;1;1;1;1;1;1;1;1;1;1;1;1;1;
10100000;1;01/04/1998;;1;1;54799,87;50117,45;53263,7;23;1;1;1;1;;0;50117,45;50269,24;50421,14;50611,2;50839,5;51106,2;51220,61;51736,27;52406,7;52829,27;53098,63;53291,25;53638,42;53812,23;54024,85;54160,27;54218,34;54276,42;54489,52;54605,85;54644,64;54702,84;54799,87;54799,87;54799,87;54683,43;54605,85;54605,85;54586,45;54508,9;;1;1;1;1;1;1;1;1;1;1;1;1;1;1;1;1;1;1;1;1;1;1;1;1;1;1;1;1;1;1;0;
10100000;1;01/05/1998;;1;1;54877,53;53156,39;54334,36;13;31;1;1;1;;0;54450,76;54373,25;54373,25;54373,25;54605,85;54528,29;54489,52;54605,85;54605,85;54664,04;54683,43;54761,05;54877,53;54858,11;54761,05;54702,84;54644,64;54567,06;54450,76;54450,76;54450,76;54373,25;54276,42;54160,27;54024,85;53870,19;53715,65;53599,82;53522,63;53387,63;53156,39;1;1;1;1;1;1;1;1;1;1;1;1;1;1;1;1;1;1;1;1;1;1;1;1;1;1;1;1;1;1;1;
10100000;1;01/06/1998;;1;1;52906,19;33780,91;42417,24;1;26;1;1;1;;0;52906,19;52598,67;52291,61;51851,04;51239,68;50402,15;49587,14;48982,86;48155,13;47293,72;46343,42;45509,1;44513,14;43449,82;42447,7;41469,75;40749,18;39549,61;38129,59;37091,04;36426,1;35920,76;35469,26;34829,31;34106,56;33780,91;34055,09;34123,73;34433,03;34812,05;;1;1;1;1;1;1;1;1;1;1;1;1;1;1;1;1;1;1;1;1;1;1;1;1;1;1;1;1;1;1;0;
10100000;1;01/07/1998;;1;1;35816,43;25420,33;30968,26;4;31;1;1;1;;0;35399,93;35555,97;35712,19;35816,43;35816,43;35781,68;35608,02;35313,32;34984,69;34587,96;34158,05;33592,74;32961,82;32435,62;31642,05;30486,34;29672,46;28716,53;28487,01;28356,07;28257,97;28078,35;27752,53;27541,28;27217,1;26732,71;26282,65;26090,38;25882,5;25675,05;25420,33;1;1;1;1;1;1;1;1;1;1;1;1;1;1;1;1;1;1;1;1;1;1;1;1;1;1;1;1;1;1;1;
10100000;1;01/08/1998;;1;1;25102,86;15714,36;19660,11;1;29;1;1;1;;0;25102,86;24612,84;24125,33;23500,06;23033,93;22385,44;21940,49;21680,74;21467,44;21254,69;21027,35;20740,3;20589,63;20409,21;20034,66;19661,93;19365,05;18980,88;18613,37;18247,74;17884,01;17522,19;17176,65;16832,91;16604,76;16320,71;16094,4;15854,84;15714,36;16136,77;16547,85;1;1;1;1;1;1;1;1;1;1;1;1;1;1;1;1;1;1;1;1;1;1;1;1;1;1;1;1;1;1;1;
10100000;1;01/09/1998;;1;1;17594,4;14643,67;16387,47;11;30;1;1;1;;0;16918,68;16990,24;16804,35;16547,85;16405,79;16519,41;16847,2;17076,21;17363,59;17579,95;17594,4;17248,49;17061,87;16875,78;16661,72;16405,79;16249,9;16037,95;15911,12;15840,77;15840,77;16009,74;16122,64;16249,9;16334,89;16052,05;15658,26;15044,61;14726,39;14643,67;;1;1;1;1;1;1;1;1;1;1;1;1;1;1;1;1;1;1;1;1;1;1;1;1;1;1;1;1;1;1;0;
10100000;1;01/10/1998;;1;1;27525,05;12629,17;16026,59;31;11;1;1;1;;0;14616,12;14616,12;14657,45;14478,59;14177,21;13768,91;13471,47;13189,14;12908,37;12682,23;12629,17;12722,06;12775,22;12655,69;12642,43;12761,92;13041,87;13511,93;14040,77;14547,31;14975,28;15392,49;15981,55;17076,21;18584,05;20319,15;22078,33;23562,4;24944,52;26491,36;27525,05;1;1;1;1;1;1;1;1;1;1;1;1;1;1;1;1;1;1;1;1;1;1;1;1;1;1;1;1;1;1;1;
10100000;1;01/11/1998;;1;1;38908,93;28601,71;36021,92;26;1;1;1;1;;0;28601,71;29407,94;29921;30486,34;31054,42;31877,9;32961,82;33883,66;34622,41;35451,92;36042,57;36513,41;36845,7;37336,8;37864,85;38129,59;38235,63;38235,63;38235,63;38288,67;38377,12;38483,33;38607,34;38713,71;38820,16;38908,93;38908,93;38908,93;38660,52;38270,98;;1;1;1;1;1;1;1;1;1;1;1;1;1;1;1;1;1;1;1;1;1;1;1;1;1;1;1;1;1;1;0;
10100000;1;01/12/1998;;1;1;37759,08;28013,11;31367,98;1;16;1;1;1;;0;37759,08;37161,21;36443,56;35642,74;34881,08;34140,89;33404,84;32672,99;31911,63;31154,96;30403,03;29722,12;29111,1;28536,15;28208,96;28013,11;28045,73;28470,64;28782,19;28946,53;29259,42;29788,37;30519,68;31104,68;31440,25;31675,71;31457,06;31238,8;31020,93;30820,18;30669,83;1;1;1;1;1;1;1;1;1;1;1;1;1;1;1;1;1;1;1;1;1;1;1;1;1;1;1;1;1;1;1;
10100000;1;01/01/1999;;1;1;44623,52;28946,53;34788,52;31;10;1;1;1;;0;30586,39;30519,68;30419,69;30319,78;30236,58;30136,83;29871,24;29507,06;29193,48;28946,53;29209,96;29589,73;30003,96;30536,36;31356,27;32757,87;34037,94;34846,56;35451,92;36059,98;37371,94;38536,46;39531,78;40157,18;40803,1;41505,86;42066,68;42884,24;43413,27;43962,31;44623,52;1;1;1;1;1;1;1;1;1;1;1;1;1;1;1;1;1;1;1;1;1;1;1;1;1;1;1;1;1;1;1;
10100000;1;01/02/1999;;1;1;53040,88;45194,94;50405,53;28;1;1;1;1;;0;45194,94;45712,68;46269,1;46752,74;47144,32;47798,84;48286,57;48794,42;49209,24;49719,58;50136,42;50611,2;50858,54;51125,26;51392,34;51659,79;51870,17;52023,32;52195,75;52387,52;52445,08;52464,27;52598,67;52848,5;52906,19;52906,19;53002,39;53040,88;;;;1;1;1;1;1;1;1;1;1;1;1;1;1;1;1;1;1;1;1;1;1;1;1;1;1;1;1;1;0;0;0;
10100000;1;01/03/1999;;1;1;53445,47;51449,62;52594,98;6;27;1;1;1;;0;53156,39;53271,98;53368,35;53368,35;53426,19;53445,47;53445,47;53406,91;53310,52;53233,45;53156,39;53098,63;53040,88;52925,43;52867,73;52810,04;52733,15;52637,08;52483,47;52329,97;52195,75;52099,94;51946,73;51812,77;51717,14;51564,23;51449,62;51449,62;51449,62;51487,82;51755,39;1;1;1;1;1;1;1;1;1;1;1;1;1;1;1;1;1;1;1;1;1;1;1;1;1;1;1;1;1;1;1;
10100000;1;01/04/1999;;1;1;55831,17;51946,73;54142,66;30;1;1;1;1;;0;51946,73;52042,47;52176,59;52521,86;52771,59;52944,66;53098,63;53252,71;53406,91;53561,22;53715,65;53889,52;54102,22;54257,05;54392,63;54508,9;54586,45;54664,04;54741,64;54799,87;54858,11;54935,79;55013,5;55091,24;55169,01;55285,71;55421,95;55577,75;55714,17;55831,17;;1;1;1;1;1;1;1;1;1;1;1;1;1;1;1;1;1;1;1;1;1;1;1;1;1;1;1;1;1;1;0;
10100000;1;01/05/1999;;1;1;58915,17;55909,21;57641,46;28;1;1;1;1;;0;55909,21;56045,84;56241,18;56436,69;56554,08;56691,12;56769,47;56808,65;56887,04;56965,46;57083,14;57181,25;57377,61;57495,5;57593,8;57672,47;57731,49;57790,53;57888,95;58085,94;58243,65;58401,48;58559,41;58658,18;58737,22;58816,29;58895,39;58915,17;58895,39;58816,29;58737,22;1;1;1;1;1;1;1;1;1;1;1;1;1;1;1;1;1;1;1;1;1;1;1;1;1;1;1;1;1;1;1;
10100000;1;01/06/1999;;1;1;58658,18;51793,64;55877,97;1;30;1;1;1;;0;58658,18;58539,66;58460,69;58381,74;58322,55;58263,38;58164,78;58026,82;57888,95;57672,47;57338,32;57024,29;56730,29;56554,08;56456,25;56319,36;56026,31;55499,83;54916,37;54683,43;54489,52;54295,78;54082,88;53773,59;53445,47;53098,63;52829,27;52445,08;52157,42;51793,64;;1;1;1;1;1;1;1;1;1;1;1;1;1;1;1;1;1;1;1;1;1;1;1;1;1;1;1;1;1;1;0;
10100000;1;01/07/1999;;1;1;51430,53;29821,51;41508,06;1;29;1;1;1;;0;51430,53;51029,96;50687,27;50402,15;50003,69;49606,05;49152,62;48813,25;48399,31;47798,84;47162,99;46343,42;45527,6;44641,92;43834,04;42957,11;41867,46;41253,23;40677,3;39835,23;38394,82;37248,98;35469,26;33166,1;31138,19;30403,03;30037,17;29887,83;29821,51;29821,51;29937,58;1;1;1;1;1;1;1;1;1;1;1;1;1;1;1;1;1;1;1;1;1;1;1;1;1;1;1;1;1;1;1;
10100000;1;01/08/1999;;1;1;29987,36;21163,67;26634,47;1;31;1;1;1;;0;29987,36;29804,94;29606,27;29407,94;29242,93;28913,64;28487,01;28013,11;27525,05;26990,77;26523,51;26282,65;26250,58;26170,45;26074,38;26010,38;25978,39;26314,73;26282,65;26106,39;26010,38;25946,42;25994,38;26475,29;26652,19;26475,29;25866,53;24960,34;23780,91;22370,05;21163,67;1;1;1;1;1;1;1;1;1;1;1;1;1;1;1;1;1;1;1;1;1;1;1;1;1;1;1;1;1;1;1;
10100000;1;01/09/1999;;1;1;21558,79;15350,63;17019,62;30;22;1;1;1;;0;20259,18;19231,84;18247,74;17377,99;16961,6;16704,48;16490,99;16264,06;16122,64;16052,05;16009,74;15967,46;15953,37;15925,2;15868,9;15798,61;15462,31;15378,53;15378,53;15476,29;15448,34;15350,63;15504,25;15911,12;17191,01;18233,16;19157,94;20244,19;21057,62;21558,79;;1;1;1;1;1;1;1;1;1;1;1;1;1;1;1;1;1;1;1;1;1;1;1;1;1;1;1;1;1;1;0;
10100000;1;01/10/1999;;1;1;25452,14;18247,74;22616,77;15;30;1;1;1;;0;21787,6;22017,04;22308,55;22601,06;22971,96;23640,38;24266,61;24691,7;24849,63;24723,27;24439,56;24628,61;24912,88;25277,34;25452,14;25102,86;24675,92;24109,65;23515,64;23142,47;22755,41;22385,44;21925,19;21300,23;20680;19974,9;19291,02;18642,7;18291,52;18247,74;18510,81;1;1;1;1;1;1;1;1;1;1;1;1;1;1;1;1;1;1;1;1;1;1;1;1;1;1;1;1;1;1;1;
10100000;1;01/11/1999;;1;1;30037,17;18745,46;24805,05;20;1;1;1;1;;0;18745,46;18936,68;19098,87;19320,62;19632,19;19974,9;20815,74;21467,44;22108,99;22832,69;23391,08;24093,97;25023,66;25994,38;26893,92;27622,48;28176,29;28880,76;29589,73;30037,17;29639,36;29094,63;28503,39;27801,34;27152,38;26652,19;26250,58;25770,75;25340,87;25309,1;;1;1;1;1;1;1;1;1;1;1;1;1;1;1;1;1;1;1;1;1;1;1;1;1;1;1;1;1;1;1;0;
10100000;1;01/12/1999;;1;1;41578,12;25579,46;32943,63;29;1;1;1;1;;0;25579,46;25882,5;26122,4;26555,66;27055,38;27476,37;27915,32;28257,97;28667,31;28995,87;29374,92;29622,81;29821,51;30236,58;30569,71;31188,48;32131,1;32910,8;33609,83;34605,18;35677,46;36688,2;37776,7;38501,04;39407;40157,18;40785,13;41217,18;41578,12;41578,12;41307,33;1;1;1;1;1;1;1;1;1;1;1;1;1;1;1;1;1;1;1;1;1;1;1;1;1;1;1;1;1;1;1;
10100000;1;01/01/2000;;1;1;41091,04;29144,04;33513,81;1;24;1;1;1;;0;41091,04;40803,1;40354,26;39960,35;39603,12;39068,85;38430,21;37389,52;36164,49;35019,25;34123,73;33387,78;32469,5;31877,9;31255,57;30953,97;30719,93;30569,71;30336,42;30103,6;29771,81;29490,54;29259,42;29144,04;29440,97;29921;30619,76;31339,48;31776,76;32114,2;32367,88;1;1;1;1;1;1;1;1;1;1;1;1;1;1;1;1;1;1;1;1;1;1;1;1;1;1;1;1;1;1;1;
10100000;1;01/02/2000;;1;1;38678,25;32656,02;35802,21;12;1;1;1;1;;0;32656,02;33046,9;33438,98;33952,2;34570,73;35226,76;36129,64;37003,36;37582,98;38005,98;38447,92;38678,25;38501,04;38111,93;37706,23;37143,66;36513,41;35642,74;34950,15;34484,65;34106,56;33935,06;34055,09;34295,47;34605,18;35088,38;35903,37;36828,19;37653,39;;;1;1;1;1;1;1;1;1;1;1;1;1;1;1;1;1;1;1;1;1;1;1;1;1;1;1;1;1;1;0;0;
10100000;1;01/03/2000;;1;1;46157,68;38377,12;44147,25;27;1;1;1;1;;0;38377,12;38891,18;39371,37;39781,63;40193;40551,59;41073,03;41849,36;42756,8;43687,57;44439,59;45084,2;45546,1;45768,25;45860,89;45935,04;46009,22;46027,77;46046,32;46101,99;45990,67;45842,36;45675,65;45472,11;45694,16;45953,58;46157,68;46120,55;46101,99;46101,99;46101,99;1;1;1;1;1;1;1;1;1;1;1;1;1;1;1;1;1;1;1;1;1;1;1;1;1;1;1;1;1;1;1;
10100000;1;01/04/2000;;1;1;52810,04;46101,99;49569,42;30;1;1;1;1;;0;46101,99;46120,55;46139,11;46213,38;46380,59;46696,87;47051,01;47275,04;47518,05;47855,05;48418,11;48737,92;49133,75;49568,22;49984,73;50288,22;50440,14;50535,16;50763,37;51087,14;51411,43;51564,23;51698,02;51793,64;52023,32;52176,59;52310,79;52425,89;52560,26;52810,04;;1;1;1;1;1;1;1;1;1;1;1;1;1;1;1;1;1;1;1;1;1;1;1;1;1;1;1;1;1;1;0;
10100000;1;01/05/2000;;1;1;55772,66;53021,63;54930,91;19;1;1;1;1;;0;53021,63;53271,98;53657,72;53792,91;54005,51;54121,57;54295,78;54567,06;54877,53;55091,24;55246,8;55344,09;55421,95;55480,36;55538,79;55577,75;55577,75;55733,66;55772,66;55772,66;55772,66;55616,71;55538,79;55441,41;55344,09;55285,71;55110,68;54858,11;54683,43;54547,68;54489,52;1;1;1;1;1;1;1;1;1;1;1;1;1;1;1;1;1;1;1;1;1;1;1;1;1;1;1;1;1;1;1;
10100000;1;01/12/2000;;1;1;33900,79;23484,49;29188,56;18;1;1;1;1;;0;23484,49;24109,65;24881,25;25754,79;26394,98;26861,66;27281,86;28241,63;29012,32;30020,56;30820,18;31692,55;32367,88;33097,97;33644,03;33746,67;33866,52;33900,79;33438,98;32910,8;32080,41;31171,72;30086,99;29573,19;28062,04;26942,33;26636,1;26186,47;25962,4;26042,37;26571,74;1;1;1;1;1;1;1;1;1;1;1;1;1;1;1;1;1;1;1;1;1;1;1;1;1;1;1;1;1;1;1;
10100000;1;01/01/2001;;1;1;45990,67;27460,14;37596,91;31;1;1;1;1;;0;27460,14;28241,63;29440,97;30686,53;31776,76;32825,82;33712,45;34915,61;35503,94;36129,64;36129,64;36199,34;36303,95;36478,48;36565,82;36758,18;37196,31;37653,39;38253,3;38713,71;39567,45;40659,33;41487,8;42066,68;42556,73;43066,48;43724,18;44476,36;45250,34;45712,68;45990,67;1;1;1;1;1;1;1;1;1;1;1;1;1;1;1;1;1;1;1;1;1;1;1;1;1;1;1;1;1;1;1;
10100000;1;01/02/2001;;1;1;47630,32;45472,11;46930,14;6;27;1;1;1;;0;46510,76;46920,46;47144,32;47312,41;47555,46;47630,32;47555,46;47555,46;47630,32;47574,17;47461,94;47331,09;47387,16;47349,78;47181,66;46995,05;46995,05;46995,05;46920,46;46845,9;46883,17;46566,57;46436,37;46231,95;46083,43;45879,42;45472,11;45638,63;;;;1;1;1;1;1;1;1;1;1;1;1;1;1;1;1;1;1;1;1;1;1;1;1;1;1;1;1;1;0;0;0;
10100000;1;01/03/2001;;1;1;49246,99;45879,42;47792,85;29;1;1;1;1;;0;45879,42;46027,77;46101,99;46194,81;46362;46362;46399,18;46547,96;46771,37;47069,67;47162,99;47275,04;47387,16;47555,46;47742,65;47892,54;47948,78;48173,91;48324,14;48606,17;48624,98;48794,42;48945,16;49001,71;49133,75;49133,75;49209,24;49209,24;49246,99;49246,99;49246,99;1;1;1;1;1;1;1;1;1;1;1;1;1;1;1;1;1;1;1;1;1;1;1;1;1;1;1;1;1;1;1;
10100000;1;01/04/2001;;1;1;52867,73;49284,76;51159,42;30;1;1;1;1;;0;49284,76;49322,53;49322,53;49360,3;49360,3;49511,5;49624,96;49814,23;49965,78;50079,52;50307,2;50516,15;50820,47;51049,02;51335,08;51640,67;51736,27;51831,9;51985,02;52157,42;52234,09;52387,52;52483,47;52521,86;52521,86;52521,86;52675,5;52752,37;52790,82;52867,73;;1;1;1;1;1;1;1;1;1;1;1;1;1;1;1;1;1;1;1;1;1;1;1;1;1;1;1;1;1;1;0;
10100000;1;01/05/2001;;1;1;53329,79;51755,39;52827,78;12;31;1;1;1;;0;52906,19;52906,19;53002,39;53098,63;53098,63;53098,63;53021,63;53002,39;53137,14;53137,14;53233,45;53329,79;53252,71;53175,66;53175,66;53021,63;52983,14;52906,19;52906,19;52867,73;52867,73;52771,59;52694,72;52617,88;52560,26;52464,27;52349,15;52214,92;52119,1;51985,02;51755,39;1;1;1;1;1;1;1;1;1;1;1;1;1;1;1;1;1;1;1;1;1;1;1;1;1;1;1;1;1;1;1;
10100000;1;01/06/2001;;1;1;51717,14;41957,98;47571,6;1;30;1;1;1;;0;51717,14;51640,67;51373,25;51106,2;50972,8;50706,29;50535,16;50345,18;50288,22;50060,56;49454,79;49077,15;48700,27;48324,14;47892,54;47592,89;47219,01;46976,4;46771,37;46492,16;46101,99;45805,3;45490,61;44807,64;43925,65;43559,51;43139,43;42756,8;42356,9;41957,98;;1;1;1;1;1;1;1;1;1;1;1;1;1;1;1;1;1;1;1;1;1;1;1;1;1;1;1;1;1;1;0;
10100000;1;01/07/2001;;1;1;41650,4;34089,4;36741,92;1;26;1;1;1;;0;41650,4;41379,5;41073,03;40497,75;40175,09;39799,5;39193,34;38802,42;38430,21;38111,93;37794,33;37319,23;36933,27;36513,41;36181,91;35868,59;35469,26;35157,55;34950,15;34708,58;34536,29;34381,43;34261,11;34192,4;34123,73;34089,4;34364,23;34587,96;34708,58;34915,61;34829,31;1;1;1;1;1;1;1;1;1;1;1;1;1;1;1;1;1;1;1;1;1;1;1;1;1;1;1;1;1;1;1;
10100000;1;01/08/2001;;1;1;34519,08;21467,44;26897,76;1;27;1;1;1;;0;34519,08;34158,05;33558,55;32995,84;32588,16;32283,26;31861,04;31406,65;31037,68;30653,14;29689,01;28388,79;27330,45;26732,71;26090,38;25675,05;25309,1;24754,84;24298,03;23968,62;23624,78;23220,09;22508,59;22262,46;21894,59;21528,33;21467,44;21741,79;22247,1;22894,56;23142,47;1;1;1;1;1;1;1;1;1;1;1;1;1;1;1;1;1;1;1;1;1;1;1;1;1;1;1;1;1;1;1;
10100000;1;01/09/2001;;1;1;27298,05;22956,47;25273,5;20;5;1;1;1;;0;23468,91;23624,78;23453,34;23142,47;22956,47;23080,43;23095,94;23189,04;23251,16;23313,32;23359,97;23812,17;24739,05;26010,38;26781,04;27184,74;27217,1;27249,47;27249,47;27298,05;27281,86;27217,1;27071,54;26942,33;26732,71;26539,58;26234,55;25946,42;25595,38;25166,27;;1;1;1;1;1;1;1;1;1;1;1;1;1;1;1;1;1;1;1;1;1;1;1;1;1;1;1;1;1;1;0;
10100000;1;01/10/2001;;1;1;26829,4;21497,88;23590,86;31;15;1;1;1;;0;24849,63;24597,07;24298,03;23952,96;23718,42;23515,64;23204,56;23064,93;23049,43;22879,09;22601,06;22216,39;21864,01;21558,79;21497,88;21619,74;22017,04;22293,19;22493,18;22678,21;22910,04;23251,16;23500,06;23859,07;24360,91;24944,52;25452,14;25802,66;26042,37;26394,98;26829,4;1;1;1;1;1;1;1;1;1;1;1;1;1;1;1;1;1;1;1;1;1;1;1;1;1;1;1;1;1;1;1;
10100000;1;01/11/2001;;1;1;31423,45;26990,77;29224,07;30;1;1;1;1;;0;26990,77;27152,38;27217,1;27217,1;27314,25;27476,37;27703,75;27996,81;28127,31;28290,66;28356,07;28487,01;28667,31;29061,7;29507,06;30203,32;30486,34;30553,03;30619,76;30536,36;30236,58;30003,96;29921;30003,96;30170,07;30286,49;30569,71;30920,51;31222,02;31423,45;;1;1;1;1;1;1;1;1;1;1;1;1;1;1;1;1;1;1;1;1;1;1;1;1;1;1;1;1;1;1;0;
10100000;1;01/12/2001;;1;1;41307,33;31658,88;37479,28;31;1;1;1;1;;0;31658,88;31979,11;32283,26;32571,2;32757,87;32995,84;33217,22;33558,55;34106,56;34536,29;35157,55;36007,75;37284,1;38023,64;38695,98;39371,37;39817,36;40049,79;40049,79;40443,93;40515,7;40479,81;40479,81;40443,93;40443,93;40390,12;40533,64;40677,3;40929,01;41091,04;41307,33;1;1;1;1;1;1;1;1;1;1;1;1;1;1;1;1;1;1;1;1;1;1;1;1;1;1;1;1;1;1;1;
10100000;1;01/01/2002;;1;1;43066,48;31692,55;37758,14;8;29;1;1;1;;0;41505,86;41831,26;42211,73;42647,64;42647,64;42884,24;43030,01;43066,48;42884,24;42502,21;41596,18;41253,23;40803,1;40408,05;39924,59;38749,19;37847,21;36898,23;35642,74;34484,65;33678,23;33370,71;33149,07;32418,68;32029,75;31861,04;31776,76;31709,39;31692,55;32114,2;33883,66;1;1;1;1;1;1;1;1;1;1;1;1;1;1;1;1;1;1;1;1;1;1;1;1;1;1;1;1;1;1;1;
10100000;1;01/02/2002;;1;1;46324,84;34743,06;42735,66;28;1;1;1;1;;0;34743,06;35451,92;36443,56;37688,62;38217,95;38784,67;39460,46;40515,7;41505,86;41921,77;42520,38;43048,24;43358,46;43797,41;44219,14;44641,92;45139,56;45398,16;45472,11;45675,65;45805,3;45860,89;45916,5;46083,43;46139,11;46176,24;46287,68;46324,84;;;;1;1;1;1;1;1;1;1;1;1;1;1;1;1;1;1;1;1;1;1;1;1;1;1;1;1;1;1;0;0;0;
10100000;1;01/03/2002;;1;1;51602,45;46417,77;49370,23;31;1;1;1;1;;0;46417,77;46603,79;46771,37;47162,99;47592,89;47892,54;48155,13;48305,36;48512,11;48662,62;48813,25;48907,46;48982,86;49284,76;49530,4;49624,96;49719,58;49814,23;49927,88;50117,45;50250,26;50307,2;50421,14;50687,27;50763,37;50858,54;50953,76;51125,26;51239,68;51468,72;51602,45;1;1;1;1;1;1;1;1;1;1;1;1;1;1;1;1;1;1;1;1;1;1;1;1;1;1;1;1;1;1;1;
10100000;1;01/04/2002;;1;1;54005,51;51793,64;53181,14;29;1;1;1;1;;0;51793,64;51946,73;52119,1;52291,61;52483,47;52521,86;52579,46;52713,93;52906,19;52963,9;53021,63;53021,63;53098,63;53098,63;53214,18;53214,18;53252,71;53252,71;53677,03;53715,65;53754,27;53792,91;53831,55;53831,55;53831,55;53831,55;53870,19;53928,18;54005,51;53870,19;;1;1;1;1;1;1;1;1;1;1;1;1;1;1;1;1;1;1;1;1;1;1;1;1;1;1;1;1;1;1;0;
10100000;1;01/05/2002;;1;1;54140,92;53677,03;53849,02;18;7;1;1;1;;0;53831,55;53754,27;53831,55;53831,55;53754,27;53715,65;53677,03;53754,27;53792,91;53792,91;53696,34;53773,59;53831,55;53870,19;53908,85;53908,85;54102,22;54140,92;54044,19;53986,18;53889,52;53831,55;53831,55;53947,51;53831,55;53831,55;53831,55;53831,55;53831,55;53831,55;53831,55;1;1;1;1;1;1;1;1;1;1;1;1;1;1;1;1;1;1;1;1;1;1;1;1;1;1;1;1;1;1;1;
10100000;1;01/06/2002;;1;1;53831,55;41560,05;49628,69;1;30;1;1;1;;0;53831,55;53677,03;53599,82;53387,63;53214,18;53060,13;52906,19;52694,72;52445,08;52349,15;51985,02;51736,27;51640,67;51392,34;50839,5;50478,14;50060,56;49624,96;49379,2;48813,25;48324,14;47855,05;47443,24;46510,76;45712,68;44826,07;43925,65;43230,66;42356,9;41560,05;;1;1;1;1;1;1;1;1;1;1;1;1;1;1;1;1;1;1;1;1;1;1;1;1;1;1;1;1;1;1;0;
10100000;1;01/07/2002;;1;1;43084,71;32147,99;37512,84;31;10;1;1;1;;0;40193;38873,42;37741,46;36443,56;35278,69;34192,4;32893,8;32435,62;32266,35;32147,99;32350,96;32384,81;33063,92;33780,91;34553,51;35244,07;36408,64;37354,37;38306,36;39193,34;39870,96;40408,05;40731,2;41091,04;41289,3;41686,56;41957,98;42175,45;42629,45;42866,03;43084,71;1;1;1;1;1;1;1;1;1;1;1;1;1;1;1;1;1;1;1;1;1;1;1;1;1;1;1;1;1;1;1;
10100000;1;01/08/2002;;1;1;43084,71;29177;36346,64;1;31;1;1;1;;0;43084,71;42993,56;42866,03;42775;42647,64;42411,38;42284,3;42048,56;41776,98;41361,45;41001;40157,18;38926,69;38465,62;37336,8;36950,79;35990,35;35278,69;34312,66;33268,37;31894,76;31373,06;30619,76;30203,32;30003,96;29771,81;29672,46;29507,06;29341,91;29242,93;29177;1;1;1;1;1;1;1;1;1;1;1;1;1;1;1;1;1;1;1;1;1;1;1;1;1;1;1;1;1;1;1;
10100000;1;01/09/2002;;1;1;29111,1;21194;25296,44;1;27;1;1;1;;0;29111,1;28979,42;28618,11;28078,35;27492,59;26797,16;26058,37;25706,94;26026,37;26266,62;26877,79;27298,05;27362,86;27120,04;26829,4;26427,1;26042,37;25643,18;25324,98;24897,06;24266,61;23655,98;23033,93;22370,05;21848,72;21315,42;21194;21194;21437,01;21619,74;;1;1;1;1;1;1;1;1;1;1;1;1;1;1;1;1;1;1;1;1;1;1;1;1;1;1;1;1;1;1;0;
10100000;1;01/10/2002;;1;1;29177;20274,17;23128,07;31;14;1;1;1;;0;21680,74;21574,02;21391,39;21118,21;21042,48;21072,76;21103,05;21072,76;21027,35;20861,04;20649,86;20409,21;20289,16;20274,17;20454,28;20589,63;20966,83;21604,5;22601,06;23624,78;24282,32;24833,83;25039,49;25245,6;25914,46;26443,16;27557,52;27980,5;28339,72;28749,36;29177;1;1;1;1;1;1;1;1;1;1;1;1;1;1;1;1;1;1;1;1;1;1;1;1;1;1;1;1;1;1;1;
10100000;1;01/11/2002;;1;1;42520,38;29672,46;38162,74;30;1;1;1;1;;0;29672,46;30386,38;31037,68;31658,88;32249,43;32927,81;33541,46;34329,85;35278,69;35694,82;36548,35;37706,23;38412,52;39104,41;39745,91;40228,82;40713,23;40983;41163,1;41451,7;41632,33;41776,98;41957,98;42211,73;42211,73;42356,9;42393,21;42484,04;42502,21;42520,38;;1;1;1;1;1;1;1;1;1;1;1;1;1;1;1;1;1;1;1;1;1;1;1;1;1;1;1;1;1;1;0;
10100000;1;01/12/2002;;1;1;45361,19;42720,4;43193,73;31;22;1;1;1;;0;42738,6;42847,82;42866,03;42938,89;43011,79;43011,79;43011,79;42902,46;42902,46;42902,46;42866,03;42829,61;42793,2;42793,2;42793,2;42829,61;42902,46;43194,16;43048,24;43011,79;42975,33;42720,4;42793,2;42829,61;43011,79;43486,38;43797,41;44219,14;44623,52;44991,96;45361,19;1;1;1;1;1;1;1;1;1;1;1;1;1;1;1;1;1;1;1;1;1;1;1;1;1;1;1;1;1;1;1;
10100000;1;01/01/2003;;1;1;46362;39996,12;44386,67;7;31;1;1;1;;0;45620,11;45842,36;45953,58;46046,32;46101,99;46213,38;46362;46250,52;46157,68;46027,77;45823,82;45601,61;45324,23;45213,41;45065,75;44807,64;44678,73;44623,52;44531,53;44439,59;44255,87;43998,98;43596,09;43212,41;42866,03;42465,87;42102,93;41560,05;40767,15;40479,81;39996,12;1;1;1;1;1;1;1;1;1;1;1;1;1;1;1;1;1;1;1;1;1;1;1;1;1;1;1;1;1;1;1;
10100000;1;01/02/2003;;1;1;45287,28;39193,34;42555,34;28;4;1;1;1;;0;39853,09;39728,06;39300,13;39193,34;39193,34;39478,29;39710,2;40014,01;40569,54;40983;41560,05;41957,98;42338,75;42665,83;43139,43;43559,51;43980,64;44292,59;44513,14;44733,97;44862,92;44918,21;45028,85;45102,65;45176,48;45194,94;45213,41;45287,28;;;;1;1;1;1;1;1;1;1;1;1;1;1;1;1;1;1;1;1;1;1;1;1;1;1;1;1;1;1;0;0;0;
10100000;1;01/03/2003;;1;1;48005,04;45527,6;47154,16;31;1;1;1;1;;0;45527,6;45620,11;45694,16;45805,3;45860,89;46046,32;46139,11;46269,1;46510,76;46715,49;46883,17;46995,05;47237,68;47405,85;47443,24;47518,05;47630,32;47855,05;47892,54;47892,54;47930,03;47967,53;47873,8;47817,58;47817,58;47817,58;47855,05;47892,54;47930,03;47930,03;48005,04;1;1;1;1;1;1;1;1;1;1;1;1;1;1;1;1;1;1;1;1;1;1;1;1;1;1;1;1;1;1;1;
10100000;1;01/04/2003;;1;1;49871,05;48005,04;48960,89;29;1;1;1;1;;0;48005,04;48005,04;48005,04;48005,04;48080,07;48117,6;48211,45;48305,36;48380,52;48418,11;48455,7;48455,7;48606,17;48850,93;49058,29;49171,49;49209,24;49209,24;49246,99;49360,3;49511,5;49624,96;49738,5;49814,23;49814,23;49814,23;49814,23;49814,23;49871,05;49852,11;;1;1;1;1;1;1;1;1;1;1;1;1;1;1;1;1;1;1;1;1;1;1;1;1;1;1;1;1;1;1;0;
10100000;1;01/05/2003;;1;1;52790,82;49852,11;51569,25;30;1;1;1;1;;0;49852,11;49852,11;49927,88;49965,78;50041,6;50117,45;50326,19;50611,2;50820,47;51201,53;51335,08;51411,43;51564,23;51659,79;51755,39;51812,77;51851,04;51927,59;52080,78;52138,26;52291,61;52329,97;52368,33;52425,89;52637,08;52637,08;52713,93;52713,93;52752,37;52790,82;52733,15;1;1;1;1;1;1;1;1;1;1;1;1;1;1;1;1;1;1;1;1;1;1;1;1;1;1;1;1;1;1;1;
10100000;1;01/06/2003;;1;1;52771,59;50345,18;51730,46;1;30;1;1;1;;0;52771,59;52637,08;52637,08;52483,47;52406,7;52329,97;52291,61;52253,26;52138,26;52138,26;52138,26;52138,26;52061,63;51985,02;51985,02;51927,59;51736,27;51678,9;51678,9;51602,45;51526,02;51411,43;51277,84;51125,26;50991,86;50706,29;50573,17;50478,14;50459,14;50345,18;;1;1;1;1;1;1;1;1;1;1;1;1;1;1;1;1;1;1;1;1;1;1;1;1;1;1;1;1;1;1;0;
10100000;1;01/07/2003;;1;1;50003,69;32469,5;44247,25;1;31;1;1;1;;0;50003,69;49871,05;49738,5;49587,14;49473,69;49360,3;49096,02;48850,93;48568,54;48042,55;47761,38;47518,05;47312,41;47069,67;46585,18;46120,55;45527,6;44955,08;44127,38;43340,2;42847,82;42447,7;41758,89;40443,93;39407;38324,04;37091,04;35885,98;34691,34;33387,78;32469,5;1;1;1;1;1;1;1;1;1;1;1;1;1;1;1;1;1;1;1;1;1;1;1;1;1;1;1;1;1;1;1;
10100000;1;01/08/2003;;1;1;31289,13;26603,92;28794,97;1;15;1;1;1;;0;31289,13;30887,06;30553,03;30186,7;29804,94;29177;28831,47;28470,64;28176,29;27882,74;27687,49;27395,28;27152,38;26797,16;26603,92;26845,53;27184,74;27850,18;28815,04;29490,54;29904,41;30037,17;30136,83;30219,95;30103,6;29788,37;29457,49;28880,76;28339,72;27703,75;26990,77;1;1;1;1;1;1;1;1;1;1;1;1;1;1;1;1;1;1;1;1;1;1;1;1;1;1;1;1;1;1;1;
10100000;1;01/09/2003;;1;1;26539,58;19810,8;23325,72;1;16;1;1;1;;0;26539,58;26282,65;26122,4;26026,37;25914,46;25659,12;25277,34;24786,43;24125,33;23687,2;22848,15;22262,46;21528,33;20876,14;20229,2;19810,8;19870,44;20439,25;21497,88;22308,55;23111,45;23624,78;23718,42;23562,4;23406,64;23266,69;23220,09;23220,09;23204,56;23344,42;;1;1;1;1;1;1;1;1;1;1;1;1;1;1;1;1;1;1;1;1;1;1;1;1;1;1;1;1;1;1;0;
10100000;1;01/10/2003;;1;1;30219,95;23780,91;27125,37;24;1;1;1;1;;0;23780,91;24109,65;24376,63;24502,54;24707,48;24928,7;25293,22;25786,7;26282,65;26507,43;26668,29;26700,49;26797,16;26861,66;27120,04;27638,73;28176,29;28552,54;28650,9;28831,47;29144,04;29556,65;30037,17;30219,95;30003,96;29589,73;28765,77;27817,62;27200,92;26314,73;25962,4;1;1;1;1;1;1;1;1;1;1;1;1;1;1;1;1;1;1;1;1;1;1;1;1;1;1;1;1;1;1;1;
10100000;1;01/11/2003;;1;1;33609,83;26074,38;31319,41;16;1;1;1;1;;0;26074,38;26218,52;26346,82;27217,1;28388,79;29705,56;30736,63;31507,48;32046,64;32317,1;32418,68;32672,99;33063,92;33166,1;33438,98;33609,83;33609,83;33609,83;33336,59;32859,8;32350,96;31877,9;31406,65;31087,92;30636,45;30603,08;31389,86;32334,03;32656,02;32893,8;;1;1;1;1;1;1;1;1;1;1;1;1;1;1;1;1;1;1;1;1;1;1;1;1;1;1;1;1;1;1;0;
10100000;1;01/12/2003;;1;1;44549,93;32114,2;37204,37;31;7;1;1;1;;0;33097,97;33029,88;32842,81;32537,29;32350,96;32283,26;32114,2;32689,96;33285,42;33917,93;34553,51;34812,05;34950,15;35244,07;35816,43;36635,74;36863,21;37003,36;37248,98;37900,12;38465,62;39870,96;40443,93;41379,5;42012,32;42720,4;43139,43;43486,38;43889;44200,79;44549,93;1;1;1;1;1;1;1;1;1;1;1;1;1;1;1;1;1;1;1;1;1;1;1;1;1;1;1;1;1;1;1;
10100000;1;01/01/2004;;1;1;47855,05;37600,58;45744,01;14;31;1;1;1;;0;44955,08;45361,19;45620,11;45935,04;46250,52;46603,79;47181,66;47331,09;47480,64;47592,89;47667,75;47742,65;47836,32;47855,05;47855,05;47855,05;47855,05;47855,05;47555,46;47219,01;46883,17;46659,63;46064,88;45527,6;44678,73;44072,34;43194,16;41994,21;40551,59;39228,93;37600,58;1;1;1;1;1;1;1;1;1;1;1;1;1;1;1;1;1;1;1;1;1;1;1;1;1;1;1;1;1;1;1;
10100000;1;01/02/2004;;1;1;36338,84;28585,32;30786,04;1;16;1;1;1;;0;36338,84;35226,76;34003,64;33097,97;32012,87;31389,86;30853,61;30436,35;29904,41;29507,06;29308,91;29177;28946,53;28815,04;28650,9;28585,32;28585,32;28585,32;28716,53;29127,57;29606,27;29887,83;30369,72;30770,04;31087,92;31457,06;31979,11;32774,85;33592,74;;;1;1;1;1;1;1;1;1;1;1;1;1;1;1;1;1;1;1;1;1;1;1;1;1;1;1;1;1;1;0;0;
10100000;1;01/03/2004;;1;1;43285,42;33849,4;38843,19;31;1;1;1;1;;0;33849,4;34020,79;34278,29;34570,73;34708,58;34812,05;35071,09;35451,92;35642,74;36025,16;36443,56;36758,18;36968,31;37900,12;38607,34;39211,14;39496,12;39996,12;40587,5;40839,07;41289,3;41776,98;42139,19;42375,06;42684,02;42938,89;43030,01;43066,48;43139,43;43175,91;43285,42;1;1;1;1;1;1;1;1;1;1;1;1;1;1;1;1;1;1;1;1;1;1;1;1;1;1;1;1;1;1;1;
10100000;1;01/04/2004;;1;1;44660,33;43376,73;43971,32;11;22;1;1;1;;0;43486,38;43742,48;43998,98;44145,72;44329,33;44402,83;44402,83;44421,21;44476,36;44513,14;44660,33;44513,14;44329,33;44182,43;44347,7;44182,43;43998,98;43852,36;43669,27;43632,67;43468,09;43376,73;43449,82;43449,82;43522,94;43559,51;43650,97;43742,48;43815,73;43815,73;;1;1;1;1;1;1;1;1;1;1;1;1;1;1;1;1;1;1;1;1;1;1;1;1;1;1;1;1;1;1;0;
10100000;1;01/05/2004;;1;1;44402,83;42447,7;43572,86;21;31;1;1;1;;0;43815,73;43815,73;43943,98;44053,99;44182,43;44182,43;43962,31;43834,04;43486,38;43194,16;43084,71;43011,79;43011,79;43011,79;43048,24;43340,2;43650,97;43889;44145,72;44255,87;44402,83;44402,83;44219,14;43962,31;43705,87;43486,38;43230,66;42866,03;42611,27;42502,21;42447,7;1;1;1;1;1;1;1;1;1;1;1;1;1;1;1;1;1;1;1;1;1;1;1;1;1;1;1;1;1;1;1;
10100000;1;01/06/2004;;1;1;43614,38;40893,03;41802,61;30;19;1;1;1;;0;42356,9;42248,01;42139,19;42102,93;42048,56;41994,21;41921,77;41831,26;41722,72;41614,26;41487,8;41379,5;41379,5;41307,33;41253,23;41163,1;41001;40911,02;40893,03;41055,02;41055,02;41091,04;41415,59;41650,4;42048,56;42356,9;42647,64;43030,01;43358,46;43614,38;;1;1;1;1;1;1;1;1;1;1;1;1;1;1;1;1;1;1;1;1;1;1;1;1;1;1;1;1;1;1;0;
10100000;1;01/07/2004;;1;1;43889;37706,23;41098,65;4;31;1;1;1;;0;43779,1;43779,1;43797,41;43889;43889;43815,73;43815,73;43486,38;43102,95;42775;42611,27;42447,7;42066,68;41686,56;41343,41;40983;40695,26;40515,7;40336,34;40228,82;39853,09;39407;39139,98;38979,98;38802,42;38412,52;38324,04;38235,63;38164,93;37988,34;37706,23;1;1;1;1;1;1;1;1;1;1;1;1;1;1;1;1;1;1;1;1;1;1;1;1;1;1;1;1;1;1;1;
10100000;1;01/08/2004;;1;1;37354,37;21315,42;28927,07;1;26;1;1;1;;0;37354,37;37003,36;36565,82;35972,95;35590,67;34967,42;34570,73;34123,73;33541,46;33166,1;32656,02;32046,64;31373,06;30569,71;29606,27;28864,33;28225,29;27671,23;26861,66;25898,48;25055,33;24062,62;23064,93;22216,39;21543,56;21315,42;21497,88;22078,33;22523,99;23157,99;23593,58;1;1;1;1;1;1;1;1;1;1;1;1;1;1;1;1;1;1;1;1;1;1;1;1;1;1;1;1;1;1;1;
10100000;1;01/09/2004;;1;1;29308,91;24031,27;27409,54;9;1;1;1;1;;0;24031,27;25166,27;26154,43;26861,66;27557,52;28274,32;28683,71;29226,44;29308,91;29242,93;29242,93;29177;29127,57;28650,9;28405,16;28094,67;27964,21;27996,81;28062,04;28062,04;27947,91;27720,01;27541,28;27184,74;26732,71;25882,5;25436,23;25182,13;24802,23;24565,55;;1;1;1;1;1;1;1;1;1;1;1;1;1;1;1;1;1;1;1;1;1;1;1;1;1;1;1;1;1;1;0;
10100000;1;01/10/2004;;1;1;32418,68;24423,83;28098,03;31;6;1;1;1;;0;24439,56;24534,04;24612,84;24675,92;24502,54;24423,83;24423,83;24976,16;25691;26074,38;26732,71;27087,71;27557,52;28062,04;28749,36;29078,16;29440,97;29672,46;29556,65;29507,06;29639,36;29639,36;29788,37;29937,58;30203,32;30469,67;30669,83;31037,68;31423,45;32012,87;32418,68;1;1;1;1;1;1;1;1;1;1;1;1;1;1;1;1;1;1;1;1;1;1;1;1;1;1;1;1;1;1;1;
10100000;1;01/11/2004;;1;1;42829,61;33012,86;38885;23;1;1;1;1;;0;33012,86;33217,22;33473,14;33473,14;33883,66;34415,83;35261,38;35296;35538,63;36356,29;36775,68;37213,86;37864,85;38731,45;39638,81;40623,41;40983;41433,64;41831,26;42157,32;42429,54;42611,27;42829,61;42720,4;42720,4;42720,4;42411,38;42356,9;42284,3;42284,3;;1;1;1;1;1;1;1;1;1;1;1;1;1;1;1;1;1;1;1;1;1;1;1;1;1;1;1;1;1;1;0;
10100000;1;01/12/2004;;1;1;43559,51;41343,41;42493,71;23;4;1;1;1;;0;42066,68;41849,36;41704,64;41343,41;41343,41;41343,41;41343,41;41343,41;41523,92;41704,64;41704,64;42030,44;42266,15;42775;43048,24;43230,66;43321,94;43486,38;43541,22;43285,42;43194,16;43413,27;43559,51;43486,38;43395;43340,2;43248,91;42866,03;42520,38;42157,32;41867,46;1;1;1;1;1;1;1;1;1;1;1;1;1;1;1;1;1;1;1;1;1;1;1;1;1;1;1;1;1;1;1;
10100000;1;01/01/2005;;1;1;43157,67;37248,98;41232;18;31;1;1;1;;0;41433,64;41199,15;40911,02;40605,45;40515,7;40408,05;40479,81;40569,54;40623,41;40875,04;41361,45;41523,92;41668,48;41994,21;42393,21;42611,27;42957,11;43157,67;43157,67;43048,24;43048,24;42738,6;42356,9;42030,44;41668,48;41019;40282,57;39478,29;38855,66;37970,69;37248,98;1;1;1;1;1;1;1;1;1;1;1;1;1;1;1;1;1;1;1;1;1;1;1;1;1;1;1;1;1;1;1;
10100000;1;01/02/2005;;1;1;44347,7;33063,92;38830,98;28;8;1;1;1;;0;36688,2;35972,95;35399,93;34881,08;34192,4;33712,45;33302,47;33063,92;33132,03;33883,66;34639,64;35938,15;37319,23;38483,33;39407;40264,65;40875,04;41596,18;41994,21;42484,04;42829,61;43248,91;43559,51;43779,1;43980,64;44109,03;44182,43;44347,7;;;;1;1;1;1;1;1;1;1;1;1;1;1;1;1;1;1;1;1;1;1;1;1;1;1;1;1;1;1;0;0;0;
10100000;1;01/03/2005;;1;1;46995,05;44402,83;45850,59;19;1;1;1;1;;0;44402,83;44402,83;44623,52;44807,64;44991,96;45047,3;45139,56;45176,48;45176,48;45250,34;45583,1;45860,89;46064,88;46287,68;46529,36;46678,25;46734,11;46790;46995,05;46995,05;46845,9;46659,63;46362;46250,52;46250,52;46176,24;46101,99;45990,67;45842,36;45694,16;45657,14;1;1;1;1;1;1;1;1;1;1;1;1;1;1;1;1;1;1;1;1;1;1;1;1;1;1;1;1;1;1;1;
10100000;1;01/04/2005;;1;1;50231,28;45805,3;47874,02;30;1;1;1;1;;0;45805,3;45805,3;46064,88;46213,38;46362;46473,56;46585,18;46920,46;46995,05;47032,36;47106,99;47069,67;46957,75;47162,99;47443,24;47649,03;47873,8;48117,6;48361,72;48530,92;48700,27;48907,46;49058,29;49284,76;49549,31;49738,5;49965,78;50098,48;50155,39;50231,28;;1;1;1;1;1;1;1;1;1;1;1;1;1;1;1;1;1;1;1;1;1;1;1;1;1;1;1;1;1;1;0;
10100000;1;01/05/2005;;1;1;50383,16;42266,15;48352,67;2;31;1;1;1;;0;50231,28;50383,16;50307,2;50231,28;50136,42;50060,56;49984,73;49927,88;49852,11;49852,11;49814,23;49814,23;49776,37;49624,96;49511,5;49435,89;49228,11;49058,29;48907,46;48700,27;48361,72;48136,36;47742,65;47331,09;46845,9;46213,38;45509,1;44586,72;43925,65;43175,91;42266,15;1;1;1;1;1;1;1;1;1;1;1;1;1;1;1;1;1;1;1;1;1;1;1;1;1;1;1;1;1;1;1;
10100000;1;01/06/2005;;1;1;41451,7;35434,59;37794,57;1;30;1;1;1;;0;41451,7;40623,41;39781,63;39015,52;38536,46;38058,95;37759,08;37635,79;37459,84;37547,79;37671;37882,48;38023,64;38182,6;38253,3;38324,04;38235,63;38041,29;37917,76;37759,08;37477,42;37301,66;37108,57;37108,57;36933,27;36653,23;36251,64;35764,3;35642,74;35434,59;;1;1;1;1;1;1;1;1;1;1;1;1;1;1;1;1;1;1;1;1;1;1;1;1;1;1;1;1;1;1;0;
10100000;1;01/07/2005;;1;1;35296;23577,99;29701,39;3;26;1;1;1;;0;35192,15;35192,15;35296;35088,38;34812,05;34433,03;33952,2;33626,93;33353,65;33063,92;32774,85;32131,1;31490,67;30920,51;30486,34;30203,32;29804,94;29209,96;28732,94;28013,11;27168,56;26122,4;25182,13;24360,91;23702,81;23577,99;23843,44;24219,49;24581,31;25102,86;25102,86;1;1;1;1;1;1;1;1;1;1;1;1;1;1;1;1;1;1;1;1;1;1;1;1;1;1;1;1;1;1;1;
10100000;1;01/08/2005;;1;1;24691,7;12483,56;18615,54;1;31;1;1;1;;0;24691,7;24360,91;24015,61;23687,2;23422,21;23142,47;22801,77;22370,05;21711,26;21042,48;20544,49;19736,33;19276,22;18848,36;18320,72;17956,6;17811,49;17753,53;17811,49;17334,8;16804,35;16377,42;15981,55;15630,22;15267,01;14767,8;14095,3;13417,58;12948,38;12668,96;12483,56;1;1;1;1;1;1;1;1;1;1;1;1;1;1;1;1;1;1;1;1;1;1;1;1;1;1;1;1;1;1;1;
10100000;1;01/09/2005;;1;1;13891,08;12325,21;13222,48;9;29;1;1;1;;0;12496,78;12775,22;12935,04;13081,99;13189,14;13323,39;13552,43;13850,32;13891,08;13687,63;13390,65;12801,82;12801,82;12855,06;13189,14;13431,05;13579,44;13687,63;13877,49;13714,71;13633,5;13471,47;13404,11;13484,96;13363,74;13229,38;12815,13;12483,56;12325,21;12351,57;;1;1;1;1;1;1;1;1;1;1;1;1;1;1;1;1;1;1;1;1;1;1;1;1;1;1;1;1;1;1;0;
10100000;1;01/10/2005;;1;1;29111,1;12602,66;18216,61;31;1;1;1;1;;0;12602,66;12815,13;13148,93;13377,19;13484,96;13525,43;13579,44;13714,71;13823,17;14108,95;14396,23;14657,45;14836,87;15003;15308,81;16108,52;16804,35;17739,05;18379,15;18966,14;19513,34;20259,18;21148,51;22262,46;23453,34;24471,04;25499,86;26587,83;27557,52;28470,64;29111,1;1;1;1;1;1;1;1;1;1;1;1;1;1;1;1;1;1;1;1;1;1;1;1;1;1;1;1;1;1;1;1;
10100000;1;01/11/2005;;1;1;34020,79;29738,68;32058,86;13;1;1;1;1;;0;29738,68;30120,21;30603,08;30903,78;30937,24;30903,78;31004,19;31305,91;31945,37;32656,02;33268,37;33780,91;34020,79;34020,79;33849,4;33678,23;33473,14;33200,18;32876,8;32537,29;32334,03;32317,1;32334,03;32266,35;32029,75;31709,39;31339,48;31087,92;30887,06;30636,45;;1;1;1;1;1;1;1;1;1;1;1;1;1;1;1;1;1;1;1;1;1;1;1;1;1;1;1;1;1;1;0;
10100000;1;01/12/2005;;1;1;36077,39;24723,27;29016,5;31;14;1;1;1;;0;30453,01;30086,99;29639,36;29242,93;28880,76;28585,32;28110,99;27557,52;26910,05;26250,58;25627,24;25055,33;24802,23;24723,27;24881,25;25118,71;25356,76;26330,78;27168,56;27931,61;28962,97;29871,24;30536,36;30853,61;31255,57;32181,8;32842,81;33917,93;34829,31;35469,26;36077,39;1;1;1;1;1;1;1;1;1;1;1;1;1;1;1;1;1;1;1;1;1;1;1;1;1;1;1;1;1;1;1;
10100000;1;01/01/2006;;1;1;42465,87;34072,25;37506,21;31;16;1;1;1;;0;36618,26;37003,36;37301,66;37759,08;38111,93;38341,73;38288,67;38164,93;37723,84;37108,57;36565,82;35955,55;35088,38;34519,08;34226,75;34072,25;34192,4;34760,3;35157,55;35538,63;35990,35;36338,84;37354,37;38377,12;39122,19;40121,38;40875,04;41505,86;41867,46;42175,45;42465,87;1;1;1;1;1;1;1;1;1;1;1;1;1;1;1;1;1;1;1;1;1;1;1;1;1;1;1;1;1;1;1;
10100000;1;01/02/2006;;1;1;47181,66;42720,4;45707,09;16;1;1;1;1;;0;42720,4;42957,11;43303,68;43596,09;44127,38;44513,14;44881,35;45139,56;45398,16;45657,14;46064,88;46362;46603,79;46790;46901,81;47181,66;47181,66;47069,67;47032,36;46901,81;46808,63;46715,49;46547,96;46287,68;46139,11;45842,36;45657,14;45416,64;;;;1;1;1;1;1;1;1;1;1;1;1;1;1;1;1;1;1;1;1;1;1;1;1;1;1;1;1;1;0;0;0;
10100000;1;01/03/2006;;1;1;50345,18;44439,59;46949,55;31;6;1;1;1;;0;45158,02;44955,08;44807,64;44660,33;44513,14;44439,59;44439,59;44586,72;44770,8;45065,75;45361,19;45749,72;46139,11;46436,37;46659,63;46883,17;47200,33;47405,85;47592,89;47723,92;47930,03;48173,91;48342,93;48587,35;48813,25;49171,49;49435,89;49814,23;50041,6;50231,28;50345,18;1;1;1;1;1;1;1;1;1;1;1;1;1;1;1;1;1;1;1;1;1;1;1;1;1;1;1;1;1;1;1;
10100000;1;01/04/2006;;1;1;52138,26;50649,23;51748,78;16;1;1;1;1;;0;50649,23;50801,43;50972,8;51087,14;51220,61;51392,34;51602,45;51736,27;51812,77;51870,17;51889,31;51985,02;51985,02;52042,47;52119,1;52138,26;52099,94;52080,78;52099,94;51985,02;51851,04;51831,9;51831,9;51812,77;51870,17;51927,59;52004,17;52023,32;51908,45;51831,9;;1;1;1;1;1;1;1;1;1;1;1;1;1;1;1;1;1;1;1;1;1;1;1;1;1;1;1;1;1;1;0;
10100000;1;01/05/2006;;1;1;52560,26;43504,65;50744,64;11;31;1;1;1;;0;51755,39;51812,77;51908,45;51908,45;51965,88;52080,78;52157,42;52272,44;52406,7;52521,86;52560,26;52560,26;52541,06;52464,27;52387,52;52138,26;51985,02;51793,64;51621,56;51392,34;51144,33;50839,5;50573,17;50193,33;49700,65;49058,29;48042,55;46901,81;46083,43;44807,64;43504,65;1;1;1;1;1;1;1;1;1;1;1;1;1;1;1;1;1;1;1;1;1;1;1;1;1;1;1;1;1;1;1;
10100000;1;01/06/2006;;1;1;42175,45;32147,99;34711,41;1;29;1;1;1;;0;42175,45;40677,3;39282,33;38041,29;36793,18;35799,05;35244,07;34984,69;35261,38;35451,92;35417,26;35278,69;34881,08;34501,86;34295,47;34106,56;33917,93;33746,67;33046,9;32757,87;32656,02;32723,91;32859,8;32927,81;32876,8;32639,05;32384,81;32249,43;32147,99;32215,61;;1;1;1;1;1;1;1;1;1;1;1;1;1;1;1;1;1;1;1;1;1;1;1;1;1;1;1;1;1;1;0;
10100000;1;01/07/2006;;1;1;32350,96;23049,43;28792,25;1;31;1;1;1;;0;32350,96;32350,96;32334,03;32131,1;31945,37;31810,46;31709,39;31557,93;31473,86;31238,8;31121,44;30887,06;30553,03;30120,21;29606,27;29094,63;28487,01;27833,9;27217,1;26668,29;26202,49;26138,41;26298,69;26539,58;26571,74;26523,51;26202,49;25722,89;24912,88;23906,01;23049,43;1;1;1;1;1;1;1;1;1;1;1;1;1;1;1;1;1;1;1;1;1;1;1;1;1;1;1;1;1;1;1;
10100000;1;01/08/2006;;1;1;22385,44;18951,41;20038,74;1;8;1;1;1;;0;22385,44;21711,26;21103,05;20409,21;19945,04;19483,66;19054,6;18951,41;19084,11;19498,5;19885,35;20214,22;20139,36;20094,47;19915,19;19736,33;19513,34;19424,33;19453,99;19572,74;19572,74;19572,74;19572,74;19572,74;19691,68;19840,61;19959,97;20379,18;20695,07;21239,51;21528,33;1;1;1;1;1;1;1;1;1;1;1;1;1;1;1;1;1;1;1;1;1;1;1;1;1;1;1;1;1;1;1;
10100000;1;01/09/2006;;1;1;21650,24;17435,63;18750,89;1;13;1;1;1;;0;21650,24;21650,24;21285,04;21057,62;20861,04;20064,56;19602,46;19113,63;18540,1;18058,36;17768,02;17493,32;17435,63;17594,4;17869,5;18102,02;18189,42;18262,33;18306,12;18320,72;18393,77;18540,1;18554,74;18262,33;18014,73;17825,99;17840,49;17971,13;18000,2;17898,52;;1;1;1;1;1;1;1;1;1;1;1;1;1;1;1;1;1;1;1;1;1;1;1;1;1;1;1;1;1;1;0;
10100000;1;01/10/2006;;1;1;24912,88;17493,32;22775,64;21;2;1;1;1;;0;17594,4;17493,32;17927,55;18951,41;20184,27;21209,17;21787,6;21971,1;22139,66;22139,66;22216,39;22431,6;22755,41;23173,51;23577,99;23999,94;24298,03;24486,79;24628,61;24786,43;24912,88;24912,88;24865,44;24660,15;24408,09;24172,4;23999,94;24031,27;24078,29;24125,33;24125,33;1;1;1;1;1;1;1;1;1;1;1;1;1;1;1;1;1;1;1;1;1;1;1;1;1;1;1;1;1;1;1;
10100000;1;01/11/2006;;1;1;36059,98;24093,97;30086,24;29;1;1;1;1;;0;24093,97;24125,33;24188,1;24172,4;24282,32;24376,63;24408,09;24565,55;25102,86;25706,94;26620,01;27168,56;27882,74;28650,9;29474,01;30419,69;31289,13;32131,1;32876,8;33644,03;34467,44;35347,95;35781,68;35816,43;35868,59;35972,95;36025,16;36042,57;36059,98;36025,16;;1;1;1;1;1;1;1;1;1;1;1;1;1;1;1;1;1;1;1;1;1;1;1;1;1;1;1;1;1;1;0;
10100000;1;01/12/2006;;1;1;44494,75;36059,98;40086,83;31;1;1;1;1;;0;36059,98;36059,98;36059,98;36094,8;36094,8;36321,39;36863,21;37442,25;37935,4;38288,67;38589,62;38873,42;39211,14;39585,28;40014,01;40336,34;40623,41;40875,04;41037,01;41289,3;41596,18;41921,77;42302,45;42665,83;42993,56;43267,16;43614,38;43870,68;44072,34;44237,5;44494,75;1;1;1;1;1;1;1;1;1;1;1;1;1;1;1;1;1;1;1;1;1;1;1;1;1;1;1;1;1;1;1;
10100000;1;01/01/2007;;1;1;50041,6;44752,38;48024,39;30;1;1;1;1;;0;44752,38;45010,41;45287,28;45564,6;45897,96;46269,1;46641,02;47013,7;47331,09;47518,05;47686,47;47798,84;47911,28;48023,79;48155,13;48249,01;48380,52;48418,11;48455,7;48549,73;48775,59;49039,43;49228,11;49360,3;49662,8;49833,17;49908,94;49946,83;50003,69;50041,6;50041,6;1;1;1;1;1;1;1;1;1;1;1;1;1;1;1;1;1;1;1;1;1;1;1;1;1;1;1;1;1;1;1;
10100000;1;01/02/2007;;1;1;50307,2;38837,91;47330,42;3;28;1;1;1;;0;50174,36;50231,28;50307,2;50288,22;50269,24;50212,3;50136,42;50003,69;49908,94;49795,3;49624,96;49587,14;49398,09;49133,75;48813,25;48474,5;48080,07;47611,6;47069,67;46510,76;45805,3;45028,85;44035,65;42975,33;42030,44;40965;39942,47;38837,91;;;;1;1;1;1;1;1;1;1;1;1;1;1;1;1;1;1;1;1;1;1;1;1;1;1;1;1;1;1;0;0;0;
10100000;1;01/03/2007;;1;1;45453,62;36426,1;41342,3;31;4;1;1;1;;0;37864,85;37073,5;36600,78;36426,1;36583,3;36880,72;37284,1;37600,58;37900,12;38129,59;38501,04;39033,3;39692,35;40803,1;41523,92;42229,87;42847,82;43212,41;43577,8;43925,65;44237,5;44421,21;44549,93;44697,14;44789,22;44918,21;45084,2;45158,02;45268,81;45342,71;45453,62;1;1;1;1;1;1;1;1;1;1;1;1;1;1;1;1;1;1;1;1;1;1;1;1;1;1;1;1;1;1;1;
10100000;1;01/04/2007;;1;1;49814,23;45490,61;47988,57;30;1;1;1;1;;0;45490,61;45564,6;45694,16;45842,36;46027,77;46287,68;46566,57;46864,54;47162,99;47368,46;47536,75;47649,03;47761,38;47855,05;48023,79;48192,68;48380,52;48530,92;48681,45;48794,42;48964,01;49228,11;49435,89;49511,5;49549,31;49624,96;49776,37;49700,65;49776,37;49814,23;;1;1;1;1;1;1;1;1;1;1;1;1;1;1;1;1;1;1;1;1;1;1;1;1;1;1;1;1;1;1;0;
10100000;1;01/05/2007;;1;1;49927,88;47967,53;49539;15;31;1;1;1;;0;49814,23;49814,23;49814,23;49814,23;49814,23;49795,3;49738,5;49738,5;49700,65;49776,37;49776,37;49776,37;49814,23;49871,05;49927,88;49889,99;49889,99;49889,99;49852,11;49852,11;49795,3;49606,05;49549,31;49492,59;49284,76;49096,02;48945,16;48756,75;48549,73;48305,36;47967,53;1;1;1;1;1;1;1;1;1;1;1;1;1;1;1;1;1;1;1;1;1;1;1;1;1;1;1;1;1;1;1;
10100000;1;01/06/2007;;1;1;47649,03;37161,21;41533,8;1;30;1;1;1;;0;47649,03;47312,41;46827,26;46454,96;46046,32;45527,6;45028,85;44366,08;43760,79;43084,71;42284,3;41614,26;41001;40497,75;40085,58;39745,91;39513,95;39603,12;39692,35;39692,35;39692,35;39656,65;39513,95;39282,33;38997,75;38660,52;38147,26;37794,33;37319,23;37161,21;;1;1;1;1;1;1;1;1;1;1;1;1;1;1;1;1;1;1;1;1;1;1;1;1;1;1;1;1;1;1;0;
10100000;1;01/07/2007;;1;1;36898,23;24960,34;30127,22;1;31;1;1;1;;0;36898,23;36618,26;36391,19;36077,39;35660,1;35261,38;34812,05;34415,83;33935,06;33421,91;32859,8;32012,87;31138,19;30103,6;28946,53;27915,32;27055,38;26443,16;25978,39;25850,56;25994,38;26491,36;27055,38;27379,07;27573,76;27460,14;27103,87;26636,1;25978,39;25515,78;24960,34;1;1;1;1;1;1;1;1;1;1;1;1;1;1;1;1;1;1;1;1;1;1;1;1;1;1;1;1;1;1;1;
10100000;1;01/08/2007;;1;1;24660,15;17090,55;20532,43;6;31;1;1;1;;0;24298,03;23937,31;23968,62;24235,19;24502,54;24660,15;24455,3;24046,94;23220,09;22339,3;21330,61;20574,58;20079,51;19587,6;19157,94;18598,71;18262,33;18029,27;18262,33;18584,05;19025,1;19335,43;19394,69;19231,84;18833,65;18657,37;18628,04;18510,81;18087,46;17579,95;17090,55;1;1;1;1;1;1;1;1;1;1;1;1;1;1;1;1;1;1;1;1;1;1;1;1;1;1;1;1;1;1;1;
10100000;1;01/09/2007;;1;1;20154,32;14947,57;18522,67;16;4;1;1;1;;0;16633,24;16306,55;15672,28;14947,57;15100,13;15925,2;16122,64;17551,06;18247,74;18848,36;19202,27;19379,87;19617,32;19840,61;20124,39;20154,32;20034,66;19781;19587,6;19498,5;19439,16;19439,16;19483,66;19498,5;19483,66;19335,43;19217,05;19128,4;19039,85;19039,85;;1;1;1;1;1;1;1;1;1;1;1;1;1;1;1;1;1;1;1;1;1;1;1;1;1;1;1;1;1;1;0;
10100000;1;01/10/2007;;1;1;31004,19;17234,12;21389,24;31;15;1;1;1;;0;19054,6;19231,84;19751,22;20409,21;20936,59;21012,21;20997,08;20876,14;20740,3;20199,24;19706,56;19157,94;18642,7;18000,2;17234,12;17248,49;17435,63;17985,66;18686,72;19513,34;20019,72;20634,8;21254,69;22247,1;23515,64;24960,34;26346,82;27476,37;28716,53;30070,38;31004,19;1;1;1;1;1;1;1;1;1;1;1;1;1;1;1;1;1;1;1;1;1;1;1;1;1;1;1;1;1;1;1;
10100000;1;01/11/2007;;1;1;40803,1;31658,88;34882;30;1;1;1;1;;0;31658,88;31945,37;32181,8;32520,34;32757,87;32808,83;32723,91;32706,93;32656,02;32622,08;32588,16;32554,25;32571,2;32740,89;33080,95;33541,46;34725,82;35451,92;35642,74;35764,3;35851,2;36164,49;36565,82;37284,1;38005,98;38820,16;39424,82;39924,59;40372,19;40803,1;;1;1;1;1;1;1;1;1;1;1;1;1;1;1;1;1;1;1;1;1;1;1;1;1;1;1;1;1;1;1;0;
10100000;1;01/12/2007;;1;1;41415,59;34639,64;38668,49;4;21;1;1;1;;0;41073,03;41253,23;41361,45;41415,59;41379,5;41253,23;41073,03;40839,07;40659,33;40228,82;39978,23;39638,81;39300,13;39015,52;38200,27;37371,94;36670,71;35851,2;35226,76;34812,05;34639,64;34881,08;35278,69;35799,05;36478,48;36933,27;37688,62;38731,45;40318,41;40569,54;40803,1;1;1;1;1;1;1;1;1;1;1;1;1;1;1;1;1;1;1;1;1;1;1;1;1;1;1;1;1;1;1;1;
10100000;1;01/01/2008;;1;1;46120,55;41343,41;44505,45;31;1;1;1;1;;0;41343,41;41831,26;42356,9;42866,03;43285,42;43632,67;44017,32;44237,5;44439,59;44476,36;44457,98;44366,08;44329,33;44292,59;44366,08;44476,36;44549,93;44549,93;44568,32;44752,38;44973,52;45176,48;45324,23;45546,1;45694,16;45712,68;45823,82;45935,04;46064,88;46101,99;46120,55;1;1;1;1;1;1;1;1;1;1;1;1;1;1;1;1;1;1;1;1;1;1;1;1;1;1;1;1;1;1;1;
10100000;1;01/02/2008;;1;1;47574,17;43303,68;45003,61;29;13;1;1;1;;0;46139,11;45935,04;45768,25;45546,1;45398,16;45176,48;44991,96;44697,14;44219,14;43925,65;43650,97;43431,54;43303,68;43486,38;43486,38;43504,65;43614,38;43815,73;44090,68;44255,87;44697,14;45047,3;45620,11;46194,81;46436,37;46771,37;46995,05;47331,09;47574,17;;;1;1;1;1;1;1;1;1;1;1;1;1;1;1;1;1;1;1;1;1;1;1;1;1;1;1;1;1;1;0;0;
10100000;1;01/03/2008;;1;1;49624,96;47798,84;49071,71;30;1;1;1;1;;0;47798,84;47986,28;48230,23;48418,11;48587,35;48624,98;48681,45;48681,45;48756,75;48907,46;48907,46;48907,46;48945,16;49039,43;49246,99;49284,76;49284,76;49322,53;49379,2;49473,69;49568,22;49511,5;49511,5;49511,5;49511,5;49473,69;49473,69;49473,69;49473,69;49624,96;49624,96;1;1;1;1;1;1;1;1;1;1;1;1;1;1;1;1;1;1;1;1;1;1;1;1;1;1;1;1;1;1;1;
10100000;1;01/04/2008;;1;1;51029,96;49624,96;50187,64;28;1;1;1;1;;0;49624,96;49624,96;49624,96;49776,37;49776,37;49776,37;49776,37;49776,37;49776,37;49776,37;49814,23;49852,11;49852,11;49852,11;49852,11;49927,88;50003,69;50193,33;50288,22;50402,15;50497,14;50573,17;50668,25;50744,34;50820,47;50915,66;50972,8;51029,96;51029,96;51029,96;;1;1;1;1;1;1;1;1;1;1;1;1;1;1;1;1;1;1;1;1;1;1;1;1;1;1;1;1;1;1;0;
10100000;1;01/05/2008;;1;1;51296,91;44329,33;48978,62;2;31;1;1;1;;0;51125,26;51296,91;51296,91;51220,61;51144,33;51068,07;51010,91;50934,71;50839,5;50744,34;50687,27;50611,2;50459,14;50307,2;50060,56;49719,58;49416,99;49077,15;48794,42;48493,3;48192,68;47873,8;47499,34;47162,99;46827,26;46492,16;46064,88;45712,68;45176,48;44697,14;44329,33;1;1;1;1;1;1;1;1;1;1;1;1;1;1;1;1;1;1;1;1;1;1;1;1;1;1;1;1;1;1;1;
10100000;1;01/06/2008;;1;1;43889;35990,35;39829,37;1;21;1;1;1;;0;43889;43486,38;43139,43;42829,61;42447,7;42139,19;41885,56;41722,72;41523,92;41379,5;41235,2;40929,01;40479,81;40031,89;39211,14;38430,21;37477,42;36968,31;36373,74;36094,8;35990,35;36216,77;36793,18;37706,23;38501,04;39122,19;39496,12;39692,35;39817,36;39870,96;;1;1;1;1;1;1;1;1;1;1;1;1;1;1;1;1;1;1;1;1;1;1;1;1;1;1;1;1;1;1;0;
10100000;1;01/07/2008;;1;1;39853,09;29061,7;34208,88;1;31;1;1;1;;0;39853,09;39763,77;39656,65;39496,12;39228,93;38908,93;38571,9;38058,95;37495,01;36810,68;36199,34;35573,32;34932,88;34226,75;33609,83;33132,03;32656,02;32469,5;32300,18;32097,3;31810,46;31541,11;31289,13;31037,68;30753,33;30536,36;30336,42;30037,17;29655,9;29374,92;29061,7;1;1;1;1;1;1;1;1;1;1;1;1;1;1;1;1;1;1;1;1;1;1;1;1;1;1;1;1;1;1;1;
10100000;1;01/08/2008;;1;1;28815,04;17536,62;23646,08;1;31;1;1;1;;0;28815,04;28568,93;28372,43;28159,96;27866,46;27460,14;27087,71;26652,19;26250,58;25611,31;25007,82;24549,79;24518,29;24439,56;24392,36;24266,61;24125,33;24015,61;23874,71;23484,49;22631,91;21925,19;21254,69;20680;20004,78;19424,33;18833,65;18014,73;17637,76;17565,5;17536,62;1;1;1;1;1;1;1;1;1;1;1;1;1;1;1;1;1;1;1;1;1;1;1;1;1;1;1;1;1;1;1;
10100000;1;01/09/2008;;1;1;27136,21;17176,65;21861,97;25;6;1;1;1;;0;17522,19;17551,06;17637,76;17507,75;17377,99;17176,65;17176,65;17277,25;17840,49;18203,99;18569,4;18907,23;19365,05;19840,61;20229,2;20997,08;22262,46;23765,28;25055,33;25722,89;26074,38;26668,29;26910,05;27071,54;27136,21;27055,38;26781,04;26378,92;25898,48;25898,48;;1;1;1;1;1;1;1;1;1;1;1;1;1;1;1;1;1;1;1;1;1;1;1;1;1;1;1;1;1;1;0;
10100000;1;01/10/2008;;1;1;26781,04;20951,71;24483,72;31;13;1;1;1;;0;25898,48;25914,46;25994,38;25102,86;24392,36;23780,91;23266,69;22910,04;22693,64;22078,33;21589,26;21072,76;20951,71;20997,08;21558,79;23251,16;24691,7;25611,31;26170,45;26523,51;26427,1;26154,43;25850,56;25483,95;25261,47;25261,47;25340,87;25643,18;25914,46;26427,1;26781,04;1;1;1;1;1;1;1;1;1;1;1;1;1;1;1;1;1;1;1;1;1;1;1;1;1;1;1;1;1;1;1;
10100000;1;01/11/2008;;1;1;34089,4;27071,54;31487,6;14;1;1;1;1;;0;27071,54;27265,66;27508,82;27850,18;28225,29;29407,94;30603,08;31356,27;32063,52;32469,5;33063,92;33575,64;33900,79;34089,4;34037,94;33832,27;33592,74;33200,18;32672,99;32080,41;31608,39;31171,72;30953,97;30903,78;31054,42;31406,65;31810,46;32232,52;32622,08;32995,84;;1;1;1;1;1;1;1;1;1;1;1;1;1;1;1;1;1;1;1;1;1;1;1;1;1;1;1;1;1;1;0;
10100000;1;01/12/2008;;1;1;37407,09;30269,86;34751,72;9;31;1;1;1;;0;33678,23;34364,23;35053,81;35712,19;36216,77;36688,2;37038,43;37319,23;37407,09;37407,09;37231,42;37091,04;37003,36;37143,66;37231,42;37266,54;37055,96;36443,56;35608,02;34881,08;34192,4;33234,27;32537,29;31894,76;31557,93;31305,91;31305,91;31238,8;31154,96;30770,04;30269,86;1;1;1;1;1;1;1;1;1;1;1;1;1;1;1;1;1;1;1;1;1;1;1;1;1;1;1;1;1;1;1;
10100000;1;01/01/2009;;1;1;46194,81;27833,9;37491,75;31;5;1;1;1;;0;29722,12;28946,53;28323,37;28045,73;27833,9;28208,96;28815,04;29474,01;30086,99;31104,68;32334,03;33438,98;34587,96;36618,26;38094,27;39424,82;40425,99;41253,23;42048,56;42665,83;43212,41;43504,65;43962,31;44182,43;44347,7;44586,72;44752,38;45028,85;45250,34;45768,25;46194,81;1;1;1;1;1;1;1;1;1;1;1;1;1;1;1;1;1;1;1;1;1;1;1;1;1;1;1;1;1;1;1;
10100000;1;01/02/2009;;1;1;51965,88;46547,96;49415,33;28;1;1;1;1;;0;46547,96;46957,75;47312,41;47574,17;47761,38;47911,28;48080,07;48267,79;48399,31;48512,11;48587,35;48700,27;48869,77;49077,15;49398,09;49738,5;49889,99;50155,39;50345,18;50535,16;50725,32;50915,66;51144,33;51411,43;51545,13;51602,45;51698,02;51965,88;;;;1;1;1;1;1;1;1;1;1;1;1;1;1;1;1;1;1;1;1;1;1;1;1;1;1;1;1;1;0;0;0;
10100000;1;01/03/2009;;1;1;53599,82;52042,47;53191,69;15;1;1;1;1;;0;52042,47;52138,26;52214,92;52445,08;52598,67;52713,93;52925,43;53002,39;53098,63;53233,45;53271,98;53271,98;53194,92;53484,05;53599,82;53561,22;53541,93;53484,05;53445,47;53484,05;53484,05;53484,05;53445,47;53445,47;53426,19;53426,19;53426,19;53426,19;53503,34;53561,22;53561,22;1;1;1;1;1;1;1;1;1;1;1;1;1;1;1;1;1;1;1;1;1;1;1;1;1;1;1;1;1;1;1;
10100000;1;01/04/2009;;1;1;54916,37;53445,47;53906,65;30;8;1;1;1;;0;53561,22;53522,63;53484,05;53484,05;53522,63;53541,93;53464,76;53445,47;53619,12;53715,65;53715,65;53696,34;53677,03;53754,27;53850,87;53870,19;53870,19;53870,19;53889,52;53947,51;53986,18;54024,85;54102,22;54179,63;54218,34;54276,42;54547,68;54664,04;54780,46;54916,37;;1;1;1;1;1;1;1;1;1;1;1;1;1;1;1;1;1;1;1;1;1;1;1;1;1;1;1;1;1;1;0;
10100000;1;01/05/2009;;1;1;55967,75;54508,9;55473,93;13;31;1;1;1;;0;55110,68;55324,63;55421,95;55538,79;55538,79;55577,75;55733,66;55772,66;55850,68;55928,72;55928,72;55928,72;55967,75;55967,75;55967,75;55967,75;55928,72;55850,68;55753,16;55655,69;55538,79;55480,36;55344,09;55246,8;55110,68;54974,64;54838,7;54722,24;54664,04;54547,68;54508,9;1;1;1;1;1;1;1;1;1;1;1;1;1;1;1;1;1;1;1;1;1;1;1;1;1;1;1;1;1;1;1;
10100000;1;01/06/2009;;1;1;54431,38;47911,28;51767;1;30;1;1;1;;0;54431,38;54334,52;54179,63;54063,54;53947,51;53773,59;53580,52;53464,76;53329,79;53252,71;53021,63;52848,5;52521,86;52253,26;52176,59;52061,63;51774,52;51602,45;51411,43;51220,61;50972,8;50592,18;50212,3;49833,17;49454,79;49077,15;48756,75;48643,8;48305,36;47911,28;;1;1;1;1;1;1;1;1;1;1;1;1;1;1;1;1;1;1;1;1;1;1;1;1;1;1;1;1;1;1;0;
10100000;1;01/07/2009;;1;1;47443,24;37143,66;42924,57;1;31;1;1;1;;0;47443,24;47032,36;46622,4;46213,38;45897,96;45564,6;45268,81;45028,85;44770,8;44660,33;44494,75;44292,59;44072,34;43815,73;43577,8;43321,94;43102,95;42938,89;42665,83;42302,45;41939,88;41415,59;41217,18;40839,07;40425,99;40067,68;39585,28;38926,69;38324,04;37688,62;37143,66;1;1;1;1;1;1;1;1;1;1;1;1;1;1;1;1;1;1;1;1;1;1;1;1;1;1;1;1;1;1;1;
10100000;1;01/08/2009;;1;1;36618,26;26314,73;30076,23;1;26;1;1;1;;0;36618,26;36129,64;35764,3;35434,59;34812,05;34398,63;33849,4;32876,8;31861,04;30970,71;30453,01;30037,17;29705,56;29308,91;29061,7;28913,64;28847,9;29094,63;28979,42;29045,24;28650,9;27964,21;27460,14;26845,53;26459,22;26314,73;26314,73;26443,16;26443,16;26443,16;26861,66;1;1;1;1;1;1;1;1;1;1;1;1;1;1;1;1;1;1;1;1;1;1;1;1;1;1;1;1;1;1;1;
10100000;1;01/09/2009;;1;1;27996,81;19721,44;23474,07;4;24;1;1;1;;0;27298,05;27622,48;27899,03;27996,81;27915,32;27590;27298,05;27152,38;26781,04;26170,45;25499,86;24549,79;23687,2;22987,45;22277,82;21604,5;21027,35;20740,3;20619,74;20544,49;20394,19;20094,47;19870,44;19721,44;19825,71;20274,17;20785,55;21391,39;22032,36;22570,23;;1;1;1;1;1;1;1;1;1;1;1;1;1;1;1;1;1;1;1;1;1;1;1;1;1;1;1;1;1;1;0;
10100000;1;01/10/2009;;1;1;27980,5;22987,45;26090,13;31;1;1;1;1;;0;22987,45;23282,23;23546,81;23843,44;24125,33;24455,3;24944,52;25563,53;26058,37;26250,58;26186,47;25994,38;25691;25643,18;26122,4;26845,53;27427,71;27720,01;27817,62;27460,14;27120,04;26797,16;26668,29;26668,29;26620,01;26587,83;26652,19;26877,79;27233,29;27622,48;27980,5;1;1;1;1;1;1;1;1;1;1;1;1;1;1;1;1;1;1;1;1;1;1;1;1;1;1;1;1;1;1;1;
10100000;1;01/11/2009;;1;1;30403,03;21711,26;25326,29;30;16;1;1;1;;0;28176,29;28372,43;28241,63;27866,46;27525,05;26781,04;26026,37;25388,54;24644,38;24015,61;23391,08;22817,23;22339,3;22017,04;21833,44;21711,26;21925,19;22293,19;23189,04;23624,78;24156,71;24833,83;25166,27;25531,69;25914,46;26620,01;27087,71;28421,52;29474,01;30403,03;;1;1;1;1;1;1;1;1;1;1;1;1;1;1;1;1;1;1;1;1;1;1;1;1;1;1;1;1;1;1;0;
10100000;1;01/12/2009;;1;1;46343,42;31440,25;41469,09;31;1;1;1;1;;0;31440,25;32452,56;33626,93;34674,1;36164,49;37196,31;38642,79;39496,12;40049,79;40569,54;40713,23;40857,05;41019;41379,5;41686,56;42012,32;42538,55;43011,79;43303,68;43742,48;44384,45;44660,33;44955,08;45194,94;45398,16;45638,63;45842,36;46064,88;46194,81;46287,68;46343,42;1;1;1;1;1;1;1;1;1;1;1;1;1;1;1;1;1;1;1;1;1;1;1;1;1;1;1;1;1;1;1;
10100000;1;01/01/2010;;1;1;46473,56;36968,31;41587,89;2;24;1;1;1;;0;46399,18;46473,56;46473,56;46473,56;46380,59;46343,42;46213,38;45916,5;45620,11;45268,81;44807,64;44292,59;43541,22;42756,8;42066,68;41289,3;40911,02;40031,89;39157,76;38589,62;38111,93;37741,46;37477,42;36968,31;36968,31;36968,31;37073,5;37073,5;37213,86;37266,54;37354,37;1;1;1;1;1;1;1;1;1;1;1;1;1;1;1;1;1;1;1;1;1;1;1;1;1;1;1;1;1;1;1;
10100000;1;01/02/2010;;1;1;43669,27;37319,23;41710,97;18;1;1;1;1;;0;37319,23;37530,19;37759,08;38200,27;38536,46;39424,82;40193;40605,45;40947;41361,45;41776,98;42193,59;42611,27;42993,56;43230,66;43413,27;43577,8;43669,27;43669,27;43577,8;43449,82;43358,46;43248,91;43157,67;43157,67;43066,48;42975,33;42902,46;;;;1;1;1;1;1;1;1;1;1;1;1;1;1;1;1;1;1;1;1;1;1;1;1;1;1;1;1;1;0;0;0;
10100000;1;01/03/2010;;1;1;45509,1;42139,19;43773,76;31;8;1;1;1;;0;42811,41;42720,4;42629,45;42556,73;42429,54;42266,15;42211,73;42139,19;42139,19;42139,19;42411,38;42720,4;42938,89;43194,16;43413,27;43632,67;43797,41;44053,99;44310,96;44605,12;44918,21;45121,1;45194,94;45250,34;45250,34;45250,34;45324,23;45324,23;45361,19;45361,19;45509,1;1;1;1;1;1;1;1;1;1;1;1;1;1;1;1;1;1;1;1;1;1;1;1;1;1;1;1;1;1;1;1;
10100000;1;01/04/2010;;1;1;49171,49;45842,36;47723,38;28;1;1;1;1;;0;45842,36;46009,22;46139,11;46250,52;46622,4;46734,11;46771,37;46808,63;46845,9;46920,46;46920,46;47125,66;47219,01;47349,78;47555,46;47742,65;48005,04;48155,13;48380,52;48530,92;48700,27;48813,25;48869,77;48964,01;48982,86;49058,29;49133,75;49171,49;49133,75;48945,16;;1;1;1;1;1;1;1;1;1;1;1;1;1;1;1;1;1;1;1;1;1;1;1;1;1;1;1;1;1;1;0;
10100000;1;01/05/2010;;1;1;48888,61;46027,77;48068,18;1;31;1;1;1;;0;48888,61;48681,45;48568,54;48530,92;48493,3;48493,3;48418,11;48418,11;48418,11;48418,11;48418,11;48418,11;48493,3;48643,8;48568,54;48493,3;48418,11;48342,93;48342,93;48342,93;48230,23;48080,07;48005,04;47873,8;47723,92;47443,24;47106,99;46864,54;46641,02;46306,26;46027,77;1;1;1;1;1;1;1;1;1;1;1;1;1;1;1;1;1;1;1;1;1;1;1;1;1;1;1;1;1;1;1;
10100000;1;01/06/2010;;1;1;45805,3;31827,32;40741,61;1;30;1;1;1;;0;45805,3;45694,16;45472,11;45361,19;45194,94;44918,21;44549,93;44292,59;43962,31;43577,8;43030,01;42720,4;42393,21;42248,01;42012,32;41758,89;41289,3;40929,01;40515,7;40139,28;39692,35;38926,69;37741,46;36600,78;35486,6;34794,8;34467,44;33969,34;32876,8;31827,32;;1;1;1;1;1;1;1;1;1;1;1;1;1;1;1;1;1;1;1;1;1;1;1;1;1;1;1;1;1;1;0;
10100000;1;01/07/2010;;1;1;31743,07;26748,82;28764,26;1;21;1;1;1;;0;31743,07;30937,24;30469,67;30303,13;30286,49;30236,58;30120,21;29838,09;29573,19;29341,91;29209,96;28979,42;28536,15;28159,96;27508,82;27395,28;27346,65;27281,86;27200,92;26942,33;26748,82;27362,86;27736,27;28159,96;29045,24;29407,94;29507,06;29308,91;28552,54;27590;26861,66;1;1;1;1;1;1;1;1;1;1;1;1;1;1;1;1;1;1;1;1;1;1;1;1;1;1;1;1;1;1;1;
10100000;1;01/08/2010;;1;1;25483,95;12682,23;20039,3;1;31;1;1;1;;0;25483,95;24675,92;23422,21;23157,99;23515,64;23843,44;23906,01;23687,2;23313,32;23049,43;22971,96;23064,93;23080,43;22400,82;22170,34;21772,33;21315,42;20349,16;19751,22;19231,84;18364,54;17349,2;16334,89;15784,56;15350,63;15072,36;14588,59;14314;13836,75;13377,19;12682,23;1;1;1;1;1;1;1;1;1;1;1;1;1;1;1;1;1;1;1;1;1;1;1;1;1;1;1;1;1;1;1;
10100000;1;01/09/2010;;1;1;15448,34;11257,46;13326,7;20;6;1;1;1;;0;12285,71;11957,8;11775,18;11554,41;11360,52;11257,46;11334,73;11386,32;11476,75;11658,16;11931,66;12404,32;12775,22;13229,38;13877,49;14561,07;15072,36;15378,53;15392,49;15448,34;15100,13;14616,12;14409,95;14314;14314;14314;14382,52;14286,61;14122,59;13823,17;;1;1;1;1;1;1;1;1;1;1;1;1;1;1;1;1;1;1;1;1;1;1;1;1;1;1;1;1;1;1;0;
10100000;1;01/10/2010;;1;1;15016,87;10065,14;12606,48;23;11;1;1;1;;0;13404,11;12988,43;12483,56;12049,38;11645,18;11360,52;10975,31;10669,65;10366,25;10115,17;10065,14;10177,79;10278,19;10530,31;10873,18;11321,84;11840,31;12391,13;13471,47;14068,03;14657,45;14919,88;15016,87;14781,6;14478,59;14231,88;14095,3;14204,54;14368,81;14464,85;14506,07;1;1;1;1;1;1;1;1;1;1;1;1;1;1;1;1;1;1;1;1;1;1;1;1;1;1;1;1;1;1;1;
10100000;1;01/11/2010;;1;1;25039,49;14423,67;20269,89;26;1;1;1;1;;0;14423,67;14478,59;14588,59;14574,83;14698,8;15114,02;15644,24;16462,58;17047,54;17681,15;18540,1;19394,69;20049,61;20544,49;20830,83;21148,51;21452,22;21818,16;22201,04;22709,08;23282,23;23874,71;24376,63;24691,7;24881,25;25039,49;25007,82;24833,83;24471,04;24235,19;;1;1;1;1;1;1;1;1;1;1;1;1;1;1;1;1;1;1;1;1;1;1;1;1;1;1;1;1;1;1;0;
10100000;1;01/12/2010;;1;1;29738,68;23906,01;26544,26;16;3;1;1;1;;0;24031,27;23952,96;23906,01;24046,94;24188,1;24534,04;25691;26202,49;26603,92;26942,33;27281,86;28029,42;28765,77;29259,42;29622,81;29738,68;29523,59;29045,24;28159,96;27152,38;26170,45;25245,6;25087,02;25134,56;25452,14;25738,84;25962,4;26186,47;26603,92;27200,92;27411,49;1;1;1;1;1;1;1;1;1;1;1;1;1;1;1;1;1;1;1;1;1;1;1;1;1;1;1;1;1;1;1;
10100000;1;01/01/2011;;1;1;31945,37;27964,21;30152,17;21;30;1;1;1;;0;28094,67;28732,94;29078,16;29589,73;29954,17;30003,96;29937,58;29871,24;29904,41;29937,58;30153,45;30553,03;30786,75;31004,19;31138,19;31222,02;31389,86;31642,05;31759,91;31894,76;31945,37;31759,91;31289,13;30853,61;30269,86;29804,94;29177;28798,62;28241,63;27964,21;27964,21;1;1;1;1;1;1;1;1;1;1;1;1;1;1;1;1;1;1;1;1;1;1;1;1;1;1;1;1;1;1;1;
10100000;1;01/02/2011;;1;1;37389,52;28241,63;34039,69;28;1;1;1;1;;0;28241,63;28421,52;28634,5;29144,04;29887,83;30619,76;31507,48;32469,5;33046,9;33404,84;33746,67;34072,25;34467,44;34777,55;35140,26;35503,94;35764,3;36059,98;36164,49;36251,64;36356,29;36600,78;36828,19;36985,84;37108,57;37213,86;37301,66;37389,52;;;;1;1;1;1;1;1;1;1;1;1;1;1;1;1;1;1;1;1;1;1;1;1;1;1;1;1;1;1;0;0;0;
10100000;1;01/03/2011;;1;1;46064,88;37389,52;41861,11;31;1;1;1;1;;0;37389,52;37389,52;37495,01;37829,58;38164,93;38430,21;38855,66;39300,13;39710,2;40336,34;40803,1;41325,37;41632,33;41957,98;42139,19;42266,15;42411,38;42593,09;42738,6;43011,79;43321,94;43577,8;43815,73;44127,38;44549,93;44826,07;45028,85;45250,34;45509,1;45842,36;46064,88;1;1;1;1;1;1;1;1;1;1;1;1;1;1;1;1;1;1;1;1;1;1;1;1;1;1;1;1;1;1;1;
10100000;1;01/04/2011;;1;1;54392,63;46362;51028,84;30;1;1;1;1;;0;46362;46771,37;47051,01;47405,85;47892,54;48493,3;48964,01;49662,8;49814,23;49927,88;50079,52;50288,22;50516,15;50725,32;50953,76;51277,84;51640,67;51812,77;52138,26;52445,08;52694,72;52983,14;53214,18;53387,63;53580,52;53928,18;54044,19;54160,27;54257,05;54392,63;;1;1;1;1;1;1;1;1;1;1;1;1;1;1;1;1;1;1;1;1;1;1;1;1;1;1;1;1;1;1;0;
10100000;1;01/05/2011;;1;1;55246,8;52425,89;54399,15;10;31;1;1;1;;0;54508,9;54605,85;54702,84;54761,05;54819,28;54838,7;54896,95;54955,22;55071,8;55246,8;55188,45;55188,45;55149,56;55110,68;55071,8;55052,37;54935,79;54838,7;54664,04;54528,29;54353,88;54198,98;54024,85;53928,18;53773,59;53580,52;53310,52;53098,63;52867,73;52675,5;52425,89;1;1;1;1;1;1;1;1;1;1;1;1;1;1;1;1;1;1;1;1;1;1;1;1;1;1;1;1;1;1;1;
10100000;1;01/06/2011;;1;1;52214,92;40336,34;47040,86;1;30;1;1;1;;0;52214,92;51985,02;51640,67;51163,39;50896,62;50516,15;50307,2;50117,45;49833,17;49549,31;49303,64;48964,01;48549,73;48005,04;47667,75;47181,66;46585,18;46213,38;45749,72;45398,16;45010,41;44623,52;44292,59;43834,04;43395;42866,03;42248,01;41704,64;41073,03;40336,34;;1;1;1;1;1;1;1;1;1;1;1;1;1;1;1;1;1;1;1;1;1;1;1;1;1;1;1;1;1;1;0;
10100000;1;01/07/2011;;1;1;40354,26;33780,91;38507,8;14;31;1;1;1;;0;39585,28;39175,55;38979,98;39228,93;39300,13;39015,52;39228,93;39513,95;39531,78;39585,28;39835,23;40049,79;40228,82;40354,26;40354,26;40246,73;40121,38;39870,96;39549,61;39282,33;38820,16;38430,21;37953,04;37565,38;37020,89;36478,48;35990,35;35555,97;34881,08;34226,75;33780,91;1;1;1;1;1;1;1;1;1;1;1;1;1;1;1;1;1;1;1;1;1;1;1;1;1;1;1;1;1;1;1;
10100000;1;01/08/2011;;1;1;33302,47;16037,95;24266,65;1;30;1;1;1;;0;33302,47;32791,84;32181,8;31557,93;30937,24;30286,49;29606,27;28765,77;28127,31;27265,66;26748,82;26074,38;25659,12;25356,76;25039,49;24786,43;24298,03;23515,64;23033,93;22416,21;21574,02;20695,07;20109,43;19379,87;18481,53;17840,49;17291,63;16562,07;16136,77;16037,95;16405,79;1;1;1;1;1;1;1;1;1;1;1;1;1;1;1;1;1;1;1;1;1;1;1;1;1;1;1;1;1;1;1;
10100000;1;01/09/2011;;1;1;21315,42;15114,02;17334,98;30;7;1;1;1;;0;16633,24;16547,85;16150,9;15798,61;15476,29;15239,17;15114,02;15225,25;15756,47;16235,75;16918,68;17104,89;17033,21;16875,78;16604,76;16533,63;16363,24;16320,71;16576,3;16990,24;17551,06;18014,73;18730,77;19010,36;19320,62;19661,93;19900,27;20184,27;20861,04;21315,42;;1;1;1;1;1;1;1;1;1;1;1;1;1;1;1;1;1;1;1;1;1;1;1;1;1;1;1;1;1;1;0;
10100000;1;01/10/2011;;1;1;29424,46;22277,82;26426,31;17;31;1;1;1;;0;22354,68;23002,94;23624,78;24235,19;25898,48;27265,66;28290,66;28290,66;28127,31;28013,11;27964,21;27931,61;28062,04;28700,12;29078,16;29325,41;29424,46;29308,91;28979,42;28618,11;28062,04;27427,71;26781,04;26154,43;25372,65;24486,79;23812,17;23189,04;22709,08;22446,99;22277,82;1;1;1;1;1;1;1;1;1;1;1;1;1;1;1;1;1;1;1;1;1;1;1;1;1;1;1;1;1;1;1;
10100000;1;01/11/2011;;1;1;31608,39;22124,32;26409,57;26;10;1;1;1;;0;22231,74;22201,04;22216,39;22231,74;22323,93;22446,99;22508,59;22354,68;22216,39;22124,32;22201,04;22493,18;23111,45;23827,8;24881,25;25978,39;27330,45;28536,15;29424,46;30003,96;30253,22;30469,67;30736,63;31037,68;31406,65;31608,39;31608,39;31541,11;31507,48;31473,86;;1;1;1;1;1;1;1;1;1;1;1;1;1;1;1;1;1;1;1;1;1;1;1;1;1;1;1;1;1;1;0;
10100000;1;01/12/2011;;1;1;44219,14;31625,22;36592,26;31;1;1;1;1;;0;31625,22;31945,37;32367,88;32672,99;32842,81;33097,97;33729,56;34037,94;34312,66;34501,86;34777,55;35088,38;35192,15;35209,45;35434,59;35816,43;36059,98;36234,2;36426,1;36600,78;36845,7;37301,66;38094,27;39051,07;39853,09;40767,15;41523,92;41994,21;43030,01;43705,87;44219,14;1;1;1;1;1;1;1;1;1;1;1;1;1;1;1;1;1;1;1;1;1;1;1;1;1;1;1;1;1;1;1;
10100000;1;01/01/2012;;1;1;50269,24;44623,52;48575,77;25;1;1;1;1;;0;44623,52;45121,1;45601,61;45972,13;46417,77;46715,49;47051,01;47368,46;47686,47;47930,03;48005,04;48080,07;48286,57;48719,09;48926,31;49133,75;49322,53;49530,4;49643,88;49852,11;49946,83;50041,6;50193,33;50212,3;50269,24;50269,24;50269,24;50250,26;50212,3;50136,42;50060,56;1;1;1;1;1;1;1;1;1;1;1;1;1;1;1;1;1;1;1;1;1;1;1;1;1;1;1;1;1;1;1;
10100000;1;01/02/2012;;1;1;52272,44;50003,69;51389,68;28;1;1;1;1;;0;50003,69;50136,42;50326,19;50402,15;50516,15;50573,17;50630,21;50725,32;50858,54;50991,86;51106,2;51258,76;51392,34;51487,82;51621,56;51698,02;51774,52;51793,64;51851,04;51946,73;51985,02;52023,32;51985,02;52080,78;52138,26;52214,92;52253,26;52272,44;52253,26;;;1;1;1;1;1;1;1;1;1;1;1;1;1;1;1;1;1;1;1;1;1;1;1;1;1;1;1;1;1;0;0;
10100000;1;01/03/2012;;1;1;56358,46;52214,92;53848,08;31;2;0;0;1;;0;52253,26;52234,09;52310,79;52406,7;52425,89;52368,33;52349,15;52483,47;52579,46;52713,93;52886,96;53079,38;53214,18;53368,35;53445,47;53677,03;53928,18;54044,19;54160,27;54295,78;54431,38;54605,85;54935,79;55091,24;55246,8;55344,09;55499,83;55675,18;55792,16;56123,95;56319,36;1;1;1;1;1;1;1;1;1;1;1;1;1;1;1;1;1;1;1;1;1;1;1;1;1;1;1;1;1;1;1;
10100000;1;01/04/2012;;1;1;58559,41;56475,81;57904,08;25;1;0;0;1;;0;56514,95;56671,54;56887,04;57161,63;57357,96;57475,85;57554,48;57613,47;57652,8;57711,82;57790,53;57888,95;57928,34;57967,73;58007,13;58007,13;58046,53;58085,94;58164,78;58164,78;58164,78;58322,55;58480,43;58480,43;58559,41;58559,41;58519,92;58480,43;58480,43;58421,21;;;;;;;;;;;;;;;;;;;;;;;;;;;;;;;;0;
10100000;1;01/05/2012;;1;1;58322,55;53677,03;56357,4;1;31;0;0;1;;0;58302,82;58164,78;58046,53;57928,34;57928,34;57711,82;57613,47;57475,85;57377,61;57220,51;57063,52;56906,64;56789,06;56789,06;56749,88;56554,08;56456,25;56338,91;56241,18;56104,42;55928,72;55733,66;55519,31;55305,17;55091,24;54838,7;54664,04;54431,38;54160,27;53928,18;53715,65;;;;;;;;;;;;;;;;;;;;;1;1;1;1;1;1;1;1;1;1;1;
10100000;1;01/06/2012;;1;1;53599,82;32723,91;45807,36;1;30;0;0;1;;0;53484,05;53137,14;52810,04;52617,88;52272,44;51927,59;51602,45;51220,61;50915,66;50516,15;50079,52;49606,05;49096,02;48474,5;47948,78;47368,46;46678,25;45897,96;45176,48;44421,21;43614,38;42538,55;41253,23;39924,59;38589,62;36828,19;35608,02;34433,03;33421,91;32757,87;;;;;;;;;;;;;;;;;;;;;;;;;;;;;;;;0;
10100000;1;01/07/2012;;1;1;34605,18;29209,96;32422,08;9;31;0;0;1;;0;32622,08;32622,08;33029,88;33438,98;33798,02;34037,94;34295,47;34484,65;34605,18;34484,65;34295,47;33917,93;33404,84;32893,8;32503,39;32486,45;32588,16;32825,82;32910,8;32808,83;32486,45;31709,39;31020,93;30519,68;30336,42;30303,13;30469,67;30419,69;30319,78;29987,36;29457,49;;;;;;;;;;;;;;;;;;;;;;;;;;;;;;;;
10100000;1;01/08/2012;;1;1;28979,42;17234,12;20969,48;1;21;0;0;1;;0;28798,62;28127,31;27460,14;26700,49;25818,63;25102,86;24282,32;23671,59;23344,42;22739,97;22047,68;21406,6;20891,25;20484,34;20109,43;19781;19350,24;18569,4;17840,49;17349,2;17262,87;17507,75;17913,04;18014,73;18014,73;17927,55;17956,6;18014,73;18072,91;17927,55;17565,5;;;;;;;;;;;;;;;;;;;;;;;;;;;;;;;;
10100000;1;01/09/2012;;1;1;22139,66;14423,67;17883,5;9;26;0;0;1;;0;16890,08;16533,63;16490,99;17119,24;18291,52;19885,35;21148,51;21818,16;21971,1;21925,19;21558,79;21133,36;20274,17;19706,56;19054,6;18481,53;18014,73;17623,3;17162,29;16590,53;15953,37;15532,22;15225,25;14975,28;14726,39;14478,59;14878,36;15532,22;16108,52;17421,22;;1;1;1;1;1;1;1;1;1;1;1;1;1;1;1;1;1;1;1;1;1;1;1;1;1;1;1;1;1;1;0;
10100000;1;01/10/2012;;1;1;26058,37;18043,82;22542,08;22;1;0;0;1;;0;18335,32;19054,6;19602,46;20034,66;20289,16;20394,19;20394,19;20319,15;19870,44;19587,6;19379,87;19157,94;19394,69;20154,32;21285,04;22262,46;23095,94;23906,01;24518,29;25499,86;25866,53;26026,37;25834,59;25643,18;25515,78;25468,04;25515,78;25483,95;25483,95;25547,61;25882,5;1;1;1;1;1;1;1;1;1;1;1;1;1;1;1;1;1;1;1;1;1;1;1;1;1;1;1;1;1;1;1;
10100000;1;01/11/2012;;1;1;29838,09;21133,36;24666,58;30;13;0;0;1;;0;26202,49;26330,78;26090,38;25722,89;25372,65;24597,07;23859,07;23235,62;22416,21;22017,04;21604,5;21254,69;21194;21482,66;21894,59;22354,68;22755,41;23018,43;23437,77;24250,9;24802,23;25102,86;25786,7;26122,4;26571,74;27136,21;27899,03;28568,93;29193,48;29722,12;;1;1;1;1;1;1;1;1;1;1;1;1;1;1;1;1;1;1;1;1;1;1;1;1;1;1;1;1;1;1;0;
10100000;1;01/12/2012;;1;1;40300,49;29639,36;32896,01;31;14;0;0;1;;0;30020,56;30203,32;30303,13;30303,13;30436,35;30369,72;30403,03;30403,03;30403,03;30286,49;30086,99;29821,51;29689,01;29738,68;30170,07;30786,75;31406,65;32181,8;32927,81;33541,46;34003,64;34415,83;35001,97;35469,26;35938,15;36565,82;37319,23;38483,33;39193,34;39728,06;40175,09;;;;;;;;;;;;;;;;;;;;;;;;;;;;;;;;
10100000;1;01/01/2013;;1;1;49587,14;40551,59;46668,48;29;1;0;0;1;;0;40695,26;41253,23;41903,66;42556,73;43175,91;43705,87;44072,34;44568,32;45065,75;45564,6;45990,67;46399,18;46622,4;46995,05;47349,78;47630,32;47855,05;48005,04;48155,13;48305,36;48455,7;48643,8;48756,75;48832,09;49190,36;49284,76;49435,89;49530,4;49587,14;49587,14;49549,31;;;;;;;;;;;;;;;;;;;;;;;;;1;1;1;1;1;1;1;
10100000;1;01/02/2013;;1;1;50991,86;49020,57;49521,75;28;8;0;0;1;;0;49473,69;49398,09;49379,2;49322,53;49322,53;49284,76;49171,49;49058,29;49020,57;49096,02;49171,49;49171,49;49096,02;49133,75;49096,02;49096,02;49096,02;49133,75;49209,24;49398,09;49662,8;49965,78;50060,56;50193,33;50402,15;50497,14;50744,34;50953,76;;;;;;;;;;;;;;;;;;;;;;;;;;;;;;;;0;0;0;
10100000;1;01/03/2013;;1;1;54412;51068,07;53252,81;31;1;0;0;1;;0;51182,46;51449,62;51621,56;51870,17;52023,32;52176,59;52464,27;52733,15;52810,04;52925,43;53079,38;53137,14;53252,71;53387,63;53445,47;53541,93;53657,72;53734,96;53812,23;53831,55;53831,55;53831,55;53908,85;53947,51;53986,18;54024,85;54044,19;54198,98;54257,05;54276,42;54392,63;1;1;1;1;1;1;1;1;1;1;1;1;1;1;1;1;1;1;1;1;1;1;1;1;1;1;1;1;1;1;1;
10100000;1;01/04/2013;;1;1;54955,22;54450,76;54779,86;21;1;0;0;1;;0;54450,76;54508,9;54644,64;54819,28;54877,53;54877,53;54916,37;54916,37;54858,11;54780,46;54722,24;54702,84;54644,64;54644,64;54605,85;54702,84;54722,24;54722,24;54780,46;54916,37;54955,22;54955,22;54955,22;54955,22;54935,79;54877,53;54780,46;54722,24;54722,24;54722,24;;;;;;;;;;;;;;;;;;;;;;;;;;;;;;;;0;
10100000;1;01/05/2013;;1;1;54683,43;47181,66;51423,57;1;31;0;0;1;;0;54644,64;54567,06;54528,29;54450,76;54353,88;54295,78;54295,78;54218,34;54044,19;53792,91;53522,63;53252,71;52944,66;52579,46;52214,92;51831,9;51526,02;51125,26;50763,37;50212,3;49757,43;49398,09;49096,02;48606,17;48342,93;48192,68;47855,05;47705,2;47536,75;47293,72;47181,66;;;;;;;;;;;;;;;;;;;;;;;;1;1;1;1;1;1;1;1;
10100000;1;01/06/2013;;1;1;47181,66;42720,4;44713,48;1;30;0;0;1;;0;47181,66;47181,66;47069,67;46696,87;46194,81;45935,04;45675,65;45361,19;45139,56;44918,21;44770,8;44605,12;44439,59;44292,59;44200,79;44145,72;44145,72;44164,07;44219,14;44255,87;44255,87;44255,87;44237,5;44109,03;43907,33;43669,27;43376,73;43175,91;43030,01;42793,2;;1;1;1;1;1;1;1;1;1;1;1;1;1;1;1;1;1;1;1;1;1;1;1;1;1;1;1;1;1;1;0;
10100000;1;01/07/2013;;1;1;42574,91;33166,1;38798,4;1;31;0;0;1;;0;42502,21;42284,3;42030,44;41650,4;41217,18;40893,03;40749,18;40677,3;40767,15;40569,54;40103,47;39817,36;39638,81;39407;39122,19;38802,42;38465,62;38784,67;38979,98;38962,22;38820,16;38412,52;38058,95;37530,19;36880,72;36251,64;35677,46;34829,31;34089,4;33524,38;33251,32;1;1;1;1;1;1;1;1;1;1;1;1;1;1;1;1;1;1;1;1;1;1;1;1;1;1;1;1;1;1;1;
10100000;1;01/08/2013;;1;1;33063,92;29308,91;30763,11;1;12;0;0;1;;0;32961,82;32605,12;32114,2;31827,32;31440,25;30970,71;30536,36;30037,17;29672,46;29474,01;29391,43;29407,94;29771,81;30103,6;30269,86;30369,72;30403,03;30469,67;30436,35;30403,03;30503,01;30686,53;31020,93;31305,91;31507,48;31574,74;31541,11;31373,06;30970,71;30503,01;30003,96;1;1;1;1;1;1;1;1;1;1;1;1;1;1;1;1;1;1;1;1;1;1;1;1;1;1;1;1;1;1;1;
10100000;1;01/09/2013;;1;1;;;;;;0;0;0;;0;29061,7;28519,77;28225,29;28176,29;28290,66;28421,52;28454,26;;;;;;;;;;;;;;;;;;;;;;;;;1;1;1;1;1;1;1;0;0;0;0;0;0;0;0;0;0;0;0;0;0;0;0;0;0;0;0;0;0;0;0;
10100000;1;01/10/2013;;1;1;30436,35;22724,52;25911,6;25;11;0;0;1;;0;23173,51;23344,42;23624,78;23859,07;24015,61;24093,97;23999,94;23843,44;23624,78;23142,47;22770,86;22801,77;22971,96;23344,42;23921,65;24881,25;25468,04;26250,58;26910,05;27590;28437,89;29341,91;29854,67;30253,22;30403,03;30203,32;29622,81;29061,7;28094,67;27395,28;26958,48;1;1;1;1;1;1;1;1;1;1;1;1;1;1;1;1;1;1;1;1;1;1;1;1;1;1;1;1;1;1;1;
10100000;1;01/11/2013;;1;1;34846,56;26829,4;30728,25;30;1;0;0;1;;0;26861,66;27055,38;27427,71;27654,98;28208,96;28585,32;28995,87;29308,91;29639,36;29937,58;30037,17;29970,77;29937,58;29937,58;30103,6;30436,35;30619,76;30519,68;30486,34;30653,14;31205,25;31962,24;32757,87;33285,42;33609,83;33935,06;34433,03;34674,1;34760,3;34846,56;;1;1;1;1;1;1;1;1;1;1;1;1;1;1;1;1;1;1;1;1;1;1;1;1;1;1;1;1;1;1;0;
10100000;1;01/12/2013;;1;1;37671;34433,03;36145,7;20;8;0;0;1;;0;34812,05;34812,05;34846,56;34829,31;34760,3;34674,1;34536,29;34433,03;34519,08;34777,55;35192,15;35729,56;36199,34;36583,3;36828,19;37003,36;37248,98;37459,84;37600,58;37671;37671;37671;37512,6;37354,37;37038,43;36933,27;36793,18;36723,18;36513,41;36112,22;35677,46;1;1;1;1;1;1;1;1;1;1;1;1;1;1;1;1;1;1;1;1;1;1;1;1;1;1;1;1;1;1;1;
10100000;1;01/01/2014;;1;1;45731,2;34467,44;40739,05;28;5;0;0;1;;0;35226,76;34846,56;34605,18;34570,73;34501,86;34777,55;35174,85;35538,63;36164,49;36565,82;37301,66;38288,67;39300,13;40264,65;41019;41704,64;42320,6;43121,18;43852,36;44513,14;44862,92;45084,2;45268,81;45398,16;45435,13;45435,13;45435,13;45712,68;45638,63;45546,1;45435,13;;;;;;;;;;;;;;;;;;;;;;;;;;;;;;;;
10100000;1;01/02/2014;;1;1;45324,23;43011,79;43718,12;1;9;0;0;1;;0;45287,28;45102,65;44918,21;44697,14;44476,36;44219,14;43925,65;43522,94;43121,18;43066,48;43011,79;43011,79;43048,24;43175,91;43267,16;43413,27;43541,22;43596,09;43596,09;43596,09;43522,94;43541,22;43577,8;43541,22;43596,09;43596,09;43541,22;43596,09;;;;;;;;;;;;;;;;;;;;;;;;;;;;;;;;0;0;0;
10100000;1;01/03/2014;;1;1;50763,37;43596,09;47355,57;31;1;0;0;1;;0;43596,09;43596,09;43815,73;44035,65;44310,96;44586,72;44973,52;45342,71;45749,72;46250,52;46436,37;46659,63;47013,7;47405,85;47592,89;47592,89;47742,65;47930,03;48061,31;48211,45;48530,92;48850,93;49133,75;49341,41;49587,14;49776,37;49984,73;50193,33;50383,16;50611,2;50725,32;;;;;;;;;;;;;;;;;;;;;;;;;;;;;;;;
10100000;1;01/04/2014;;1;1;53599,82;50839,5;52443,79;30;1;0;0;1;;0;50877,58;50991,86;51068,07;51201,53;51449,62;51659,79;51927,59;52099,94;52253,26;52445,08;52598,67;52598,67;52637,08;52656,29;52694,72;52733,15;52675,5;52675,5;52675,5;52675,5;52694,72;52771,59;52829,27;52906,19;52963,9;53079,38;53156,39;53291,25;53464,76;53561,22;;;;;;;;;;;;;;;;;;;;;;;;;;;;;;;;0;
10100000;1;01/05/2014;;1;1;;;;;;0;0;0;;0;53677,03;53754,27;53831,55;53908,85;53908,85;53908,85;53870,19;54063,54;54102,22;54140,92;54140,92;54102,22;54063,54;54140,92;54140,92;54140,92;54140,92;54140,92;54102,22;54044,19;53986,18;53928,18;53831,55;53715,65;53599,82;53484,05;53329,79;;;;;;;;;;;;;;;;;;;;;;;;;;;;;;;;0;0;0;0;
10100000;1;01/06/2014;;1;1;52867,73;45361,19;49597,14;1;30;0;0;1;;0;52790,82;52598,67;52483,47;52329,97;52214,92;52119,1;52023,32;51831,9;51659,79;51526,02;51335,08;50915,66;50706,29;50459,14;50231,28;49927,88;49662,8;49322,53;48926,31;48512,11;48117,6;47630,32;47219,01;46976,4;46808,63;46585,18;46269,1;45731,2;45583,1;45416,64;;1;1;1;1;1;1;1;1;1;1;1;1;1;1;1;1;1;1;1;1;1;1;1;1;1;1;1;1;1;1;0;
10100000;1;01/07/2014;;1;1;45287,28;31945,37;38410,78;1;31;0;0;1;;0;45250,34;44955,08;44641,92;44072,34;43486,38;43084,71;42775;42284,3;41704,64;41055,02;40677,3;40264,65;39799,5;39513,95;39086,63;38837,91;38554,18;38200,27;37653,39;36968,31;36338,84;35712,19;34881,08;34020,79;32910,8;32520,34;32384,81;32384,81;32367,88;32283,26;32063,52;;;;;;;;;;;;;;;;;;;;;;;;;;;;;;;;
10100000;1;01/08/2014;;1;1;31642,05;25197,99;28180,93;1;31;0;0;1;;0;31507,48;31054,42;30603,08;30253,22;29804,94;29507,06;29308,91;29061,7;28650,9;28274,32;27801,34;27362,86;27055,38;26926,19;27120,04;27443,92;27817,62;28192,62;28356,07;28421,52;28470,64;28454,26;28356,07;28241,63;27882,74;27379,07;26958,48;26491,36;25946,42;25627,24;25277,34;;;;;;;;;;;;;;;;;;;;;;;;;;;;;;;;
10100000;1;01/09/2014;;1;1;25675,05;20589,63;23320,93;25;13;0;0;1;;0;25039,49;24581,31;24093,97;23812,17;23593,58;23593,58;23157,99;23220,09;23033,93;22709,08;22201,04;21057,62;20589,63;20619,74;20619,74;20680;21406,6;22078,33;22539,4;22910,04;23531,23;24093,97;24897,06;25499,86;25611,31;25404,44;25197,99;24818,03;24565,55;24471,04;;1;1;1;1;1;1;1;1;1;1;1;1;1;1;1;1;1;1;1;1;1;1;1;1;1;1;1;1;1;1;;
10100000;1;01/10/2014;;1;1;31979,11;23843,44;27625,13;23;8;0;0;1;;0;24439,56;24565,55;24612,84;24581,31;24345,18;24172,4;23968,62;23874,71;24062,62;24502,54;25102,86;25802,66;26218,52;26636,1;27152,38;27785,07;28356,07;29275,91;30236,58;30870,33;31339,48;31810,46;31962,24;31810,46;31608,39;31121,44;30436,35;29871,24;29144,04;28650,9;28062,04;1;1;1;1;1;1;1;1;1;1;1;1;1;1;1;1;1;1;1;1;1;1;1;1;1;1;1;1;1;1;1;
10100000;1;01/11/2014;;1;1;34708,58;26958,48;30879,92;28;4;0;0;1;;0;27476,37;27184,74;27023,07;27023,07;27023,07;27395,28;27768,8;28127,31;28536,15;29028,78;29407,94;29854,67;30153,45;30369,72;30803,46;31205,25;31642,05;32114,2;32435,62;32605,12;32672,99;32808,83;33166,1;33541,46;33917,93;34467,44;34674,1;34708,58;34656,87;34605,18;;;;;;1;1;1;1;1;1;1;1;1;1;1;1;1;1;1;1;1;1;1;1;1;1;1;1;1;1;0;
10100000;1;01/12/2014;;1;1;44292,59;34605,18;40172,38;31;1;0;0;1;;0;34605,18;34674,1;34743,06;34950,15;35347,95;35885,98;36408,64;37055,96;37759,08;38288,67;38731,45;39157,76;39835,23;40300,49;40623,41;40893,03;41325,37;41704,64;42175,45;42538,55;42756,8;42902,46;43048,24;43139,43;43267,16;43413,27;43632,67;43834,04;43925,65;44145,72;44274,23;;;;;;;;;;;;;;;;;;;;;;;;;;;;;;;;
10100000;1;01/01/2015;;1;1;50231,28;44329,33;46770,2;31;1;0;0;1;;0;44329,33;44384,45;44513,14;44660,33;44807,64;44955,08;45139,56;45416,64;45731,2;46046,32;46213,38;46362;46510,76;46641,02;46715,49;46771,37;46827,26;46939,1;46995,05;47013,7;47219,01;47480,64;47742,65;47948,78;48155,13;48230,23;48305,36;48869,77;49133,75;49662,8;50155,39;1;1;1;1;1;1;1;1;1;1;1;1;1;1;1;1;1;1;1;1;1;1;1;1;1;1;1;1;1;1;1;
10100000;1;01/02/2015;;1;1;53060,13;50383,16;52010,29;28;1;0;0;1;;0;50459,14;50744,34;51010,91;51125,26;51258,76;51392,34;51449,62;51487,82;51506,92;51621,56;51678,9;51698,02;51774,52;51870,17;52080,78;52176,59;52349,15;52502,66;52617,88;52675,5;52733,15;52790,82;52790,82;52810,04;52906,19;52886,96;52867,73;53021,63;;;;;;;;;;;;;;;;;;;;;;;;;1;1;1;1;1;1;1;0;0;0;
10100000;1;01/03/2015;;1;1;55383,01;52368,33;53512,04;31;10;0;0;1;;0;53021,63;52963,9;52886,96;52829,27;52752,37;52656,29;52598,67;52541,06;52425,89;52406,7;52560,26;52771,59;52867,73;53040,88;53117,88;53194,92;53310,52;53406,91;53599,82;53715,65;53850,87;54082,88;54160,27;54276,42;54392,63;54508,9;54625,24;54799,87;54955,22;55188,45;55363,55;1;1;1;1;1;1;1;1;1;1;1;1;1;1;1;1;1;1;1;1;1;1;1;1;1;1;1;1;1;1;1;
10100000;1;01/04/2015;;1;1;58204,21;55421,95;56865,27;30;1;0;0;1;;0;55421,95;55460,88;55519,31;55636,2;55714,17;55792,16;55870,18;55948,23;56045,84;56260,72;56534,52;56710,71;56847,84;56926,25;57004,68;57083,14;57161,63;57259,77;57338,32;57397,25;57456,2;57534,82;57633,13;57692,14;57770,85;57888,95;57888,95;57948,03;58026,82;58184,5;;1;1;1;1;1;1;1;1;1;1;1;1;1;1;1;1;1;1;1;1;1;1;1;1;1;1;1;1;1;1;0;
10100000;1;01/05/2015;;1;1;58756,98;58125,36;58523,17;19;31;0;0;1;;0;58283,1;58263,38;58322,55;58342,28;58440,95;58440,95;58598,91;58638,42;58618,66;58559,41;58638,42;58638,42;58638,42;58658,18;58717,46;58717,46;58717,46;58717,46;58756,98;58756,98;58697,7;58638,42;58598,91;58559,41;58500,17;58440,95;58342,28;58302,82;58263,38;58243,65;58164,78;;;;;;;;;;;;;;;;;;;;;;;;;;;;;;;;
10100000;1;01/06/2015;;1;1;58046,53;53137,14;56154,77;1;30;0;0;1;;0;58007,13;57908,64;57810,21;57692,14;57593,8;57515,16;57436,55;57357,96;57397,25;57299,04;57181,25;57024,29;56867,44;56749,88;56593,23;56495,38;56299,81;56084,89;55889,7;55675,18;55519,31;55266,25;54974,64;54780,46;54528,29;54179,63;53947,51;53773,59;53541,93;53252,71;;;;;;;;;;1;1;1;1;1;1;1;1;1;1;1;1;1;1;1;1;1;1;1;1;1;1;0;
10100000;1;01/07/2015;;1;1;52944,66;39763,77;46824,86;1;31;0;0;1;;0;52867,73;52617,88;52349,15;52080,78;51755,39;51373,25;51068,07;50782,4;50459,14;50098,48;49643,88;49284,76;48850,93;48305,36;47798,84;47293,72;46622,4;45972,13;45435,13;44862,92;44402,83;43962,31;43376,73;42957,11;42465,87;41994,21;41451,7;41001;40515,7;40121,38;39799,5;1;1;1;1;1;1;1;1;1;1;1;1;1;1;1;1;1;1;1;1;1;1;1;1;1;1;1;1;1;1;1;
10100000;1;01/08/2015;;1;1;39692,35;24219,49;33503,59;1;31;0;0;1;;0;39656,65;39478,29;39264,53;38997,75;38731,45;38412,52;38235,63;38041,29;37706,23;37284,1;36863,21;36443,56;35781,68;34656,87;33712,45;32910,8;31979,11;31591,57;31356,27;31255,57;31222,02;31171,72;31004,19;30686,53;30269,86;29474,01;28601,71;27330,45;26346,82;25515,78;24628,61;1;1;1;1;1;1;1;1;1;1;1;1;1;1;1;1;1;1;1;1;1;1;1;1;1;1;1;1;1;1;1;
